0.4461638680031974 0.19132398250550586 0.5
0.23531218366258 -0.4309060892311032 0.5
-0.23294438428397746 -0.27665212974317055 0.5
0.1626072396957573 -0.16673627508116373 0.5
0.4616217293341006 -0.2961191735083526 0.5
-0.45935995740232416 0.4866930838569198 0.5
0.4213993770391513 4.558071229753102e-2 0.5
0.31730631453402924 -0.3544890348629366 0.5
-0.3825347293308049 -2.367465387302292e-2 0.5
0.17534630992566713 -9.729029308202086e-2 0.5
2.9607188944105856e-2 0.4624405468297973 0.5
0.152244625578295 0.20233289550052647 0.5
-0.3405628985504888 -4.15946551511609e-2 0.5
-0.3519695693283348 0.2997336608035809 0.5
-0.20308896251788822 -9.413890384394807e-2 0.5
0.4988105714572081 0.11789667589740227 0.5
0.23348775160432456 0.28124443346864014 0.5
0.18773489944338373 -0.4987148815824568 0.5
0.17676158720535629 0.2647431918002823 0.5
-0.14925593200770937 -6.868515364237726e-2 0.5
-6.640702090506634e-2 -0.3489770738307638 0.5
0.20876585957272298 -5.3610468482084395e-2 0.5
0.20534995618525387 9.225337229577857e-2 0.5
-0.3640015754980126 -8.492820290467995e-2 0.5
0.4705956003769938 -0.1292647087530452 0.5
-0.18569835533273582 3.959851196036335e-2 0.5
-0.19685210202929015 -0.3901590241085737 0.5
-0.16171791826228366 0.30600554644635847 0.5
6.09674401069682e-3 -0.19995803418226055 0.5
2.4391298922556315e-2 0.13228764834971307 0.5
0.38181285043137303 0.36120311732616395 0.5
0.397689126563996 -0.1168252031300131 0.5
-0.48579050853078154 0.1713728234667975 0.5
0.15475986432529343 -0.3771803555658305 0.5
-0.3615368523140202 -0.27383100760553314 0.5
-7.720432750142792e-2 0.12498338172703882 0.5
0.3870481197655099 0.10896200229968012 0.5
-6.458649922558257e-2 -0.2548867431720072 0.5
0.2738001111599693 -0.46991416840568845 0.5
-0.11635450189618624 0.14978795064149686 0.5
-0.46114740942155286 -0.3782260533313504 0.5
-8.761169542175273e-2 4.894728837238405e-3 0.5
0.33347322431236737 -6.306877546438439e-2 0.5
0.11565769273793935 -9.748259093897149e-2 0.5
-0.4299584451740246 6.293875529609438e-2 0.5
9.798349678574225e-2 -6.471842281132523e-2 0.5
0.4699591843934905 -0.4728745062456249 0.5
-4.277890018392416e-2 -5.945635305361074e-4 0.5
-0.23873979252799216 -0.3038077016010132 0.5
0.4635515264553186 -0.2445129473579094 0.5
0.32686918556710987 0.39201010317138874 0.5
-0.18157445861130928 0.22177101218310813 0.5
0.455272679338269 0.3549390134536081 0.5
0.3540331875503583 -0.3058671097815836 0.5
0.40598170593779737 0.34027657517028176 0.5
0.1866281723818477 -0.23064960715567162 0.5
-1.4858482678486218e-2 5.307038744931214e-3 0.5
0.36083423060951714 0.1878131400209776 0.5
0.2319042361384701 0.27987904234354644 0.5
-0.42129742622310906 -0.16323882280064017 0.5
-0.19835356791514058 -0.496384220646479 0.5
-0.13438736315021105 -0.4174886501268865 0.5
-0.21649829196551884 0.40397516039821857 0.5
-0.4189263344526142 -0.36842849621840457 0.5
-0.10537555324006831 2.6979097890794668e-2 0.5
0.16996239285808712 -0.4954471241213355 0.5
-0.43185696381651295 -0.37434216490750716 0.5
0.40452960400858073 -0.3187754969729768 0.5
-0.2989055715469169 0.3974573771205081 0.5
0.33516239013566185 0.2621174586504328 0.5
0.10714379366487048 1.605833133990997e-2 0.5
0.39748973112150365 0.25034302225783067 0.5
-0.15629097598542008 -0.4860633556322771 0.5
-0.15436326596251848 -5.5585209209646935e-2 0.5
-0.4623423483336062 -0.35415566662243314 0.5
-0.25351048310923874 0.15716546369766493 0.5
-5.800502601637225e-2 0.22860484385972457 0.5
-0.4493934432035094 -0.4600541093157765 0.5
4.610986545898621e-2 0.391956122741265 0.5
-0.2353061969400242 0.2641223288757042 0.5
-0.13049439896055304 -7.405478563559476e-2 0.5
-0.36205546204308947 0.4549504524468041 0.5
0.127933443282784 0.2840286358808377 0.5
-3.355825703204662e-2 1.3217821459968748e-2 0.5
-0.15714771469223743 0.44376517592997455 0.5
0.2415893897532444 0.25824678231698206 0.5
0.10631147923037321 -0.3673695921967097 0.5
-0.41421601189109336 -0.25890241372889267 0.5
0.2765809533391085 -0.40201694980461267 0.5
-0.1849179117668408 0.4503478122391612 0.5
2.684689994311884e-2 -0.1558521737375591 0.5
-2.486049103132104e-3 0.23778413218777994 0.5
5.799613053315622e-2 0.35058179302360226 0.5
-0.33333838698028717 0.2532216909876477 0.5
0.11946897648326804 -0.4358068575695426 0.5
-0.4706412113706786 -1.276172834476208e-2 0.5
0.29120251961761134 0.2841998158092657 0.5
-0.40013757143489515 -0.3895309064034267 0.5
-0.34422360018591136 0.2006231244876796 0.5
0.25296608212293636 0.2882307088040835 0.5
0.49543507527899766 -0.44374956069426463 0.5
5.004955810647416e-3 0.2667083364638819 0.5
-3.80816178438792e-3 -0.3648817752865957 0.5
9.656650229058605e-2 0.3366964064427598 0.5
0.4039367382269782 -0.1051722126272796 0.5
0.40496866156866074 0.16025611565210263 0.5
8.909708374316527e-2 -0.35158392750796286 0.5
-0.18914140222135678 0.10453218523652352 0.5
-0.1841792589714759 0.25273728923825645 0.5
9.732525860195096e-2 -0.3756430155017102 0.5
-0.16471392480791502 0.24767206020682042 0.5
0.16955255891435506 -0.40544665601744045 0.5
-0.45806461496365003 0.24802287170852477 0.5
0.3079517876467096 -0.4965759006717898 0.5
-0.3538621735380031 6.410026202440244e-3 0.5
-0.49944113606808616 -0.4101589242856247 0.5
0.38020116365279155 -3.657110353720905e-2 0.5
-2.298775470321579e-2 -0.44371694337827405 0.5
-0.4948957872985369 0.22260604252687788 0.5
0.42836166468102277 -1.2859823603424969e-2 0.5
-0.28503684235970506 -0.4313205855112229 0.5
0.312148537650617 5.820606515750115e-2 0.5
-0.17109593425404823 0.2370353564453418 0.5
0.2902051331306229 6.719644794700419e-2 0.5
0.16512124651442872 0.11204727322227248 0.5
0.4220192242785267 -0.20363510914016414 0.5
0.47702009716932714 0.2966507848624227 0.5
0.2683890696212896 8.402128069469539e-2 0.5
-0.10832967189958687 7.771924460078872e-2 0.5
0.49076410605533216 0.33387999003524327 0.5
-5.0895444665103984e-2 -0.3602975283568195 0.5
-0.14149073451678407 -0.12339913838758709 0.5
-0.3889939249338735 9.702417350015025e-2 0.5
0.10376643784295714 -5.027553348288538e-2 0.5
0.3738777664733133 3.659313739341741e-2 0.5
0.11388453132586107 0.4019247895268344 0.5
-0.32881197759634906 -0.17467648682793857 0.5
-0.27571195053525666 0.19443841204920986 0.5
0.14925074207456346 0.19687157555842627 0.5
-0.47098040918213635 -4.9855525048507765e-2 0.5
3.3832465169590376e-2 -0.1521730981543703 0.5
-0.16706324155085883 0.1426750840673343 0.5
-0.271207030282944 -0.2876290090270367 0.5
0.32423148059464924 4.514832453129347e-2 0.5
0.4544859737855962 7.949870184280294e-2 0.5
0.2771007566503847 -0.37494846765291345 0.5
-3.757180495383827e-2 0.4631686774410847 0.5
0.18373462930810713 -0.4419850218363538 0.5
-0.14231032725487835 -0.48520186660077436 0.5
0.27073629120534515 4.934058387738305e-2 0.5
-2.8590159360090905e-2 -0.41969894491568605 0.5
-0.12731134262788069 -0.45598512031007477 0.5
0.4326220037356112 5.272805085223886e-2 0.5
-0.4853958410268733 -0.1309647263876923 0.5
-0.18262082588869422 0.30038917883494687 0.5
-0.19506658325250548 -0.3565780609204853 0.5
2.8544713494025875e-2 7.461276800508476e-2 0.5
0.3417656559389133 0.17191222004842255 0.5
7.685779182231034e-2 -0.21444808278626837 0.5
0.35801896754219253 0.2250918057708765 0.5
-0.35583461528307037 0.45602222762586775 0.5
0.18946609437373052 0.4615839268581856 0.5
0.41599250767570384 -0.2255246355556706 0.5
-0.27849969809919695 0.18010014513761108 0.5
0.45931190663338783 0.1427097955842832 0.5
-0.20542839756748188 0.4116880431964395 0.5
-0.47698216467422383 -1.2382054957502442e-2 -0.5
0.3147124215441105 -0.4413889723270128 -0.5
0.4568412898171683 -0.2875253771433969 -0.5
0.12723519049318988 0.16783019832120938 -0.5
0.3042258292015486 -0.19581237557547115 -0.5
0.3941044961265888 -0.38333784208620403 -0.5
-0.15193748194602885 -1.3061220181972422e-2 -0.5
-0.3244137068248709 -0.18025938740176994 -0.5
-0.44584483846609213 0.16773312888816383 -0.5
0.27184773142750385 -0.467521514867687 -0.5
2.246108051615958e-3 -0.45074973690209985 -0.5
-0.2924738727005225 2.2266350584415173e-2 -0.5
-7.382243215795026e-2 -0.30457860400751136 -0.5
-0.30988261039350706 0.2726807791596959 -0.5
0.28836078506301444 0.47438220633782746 -0.5
0.3502609153847056 0.2802766596442058 -0.5
-0.30547634971186133 7.188575676357889e-3 -0.5
-0.16144712973856845 -0.3559057945014369 -0.5
-0.11029423243419434 -0.2842641317705217 -0.5
0.19723889155880925 1.6834318758526923e-2 -0.5
-0.46035749901347633 -0.4148265047616341 -0.5
-0.4567249529967201 -0.26203974957060383 -0.5
-0.48539330280199056 0.39079935730648696 -0.5
-0.2382596232586286 0.2547397366951124 -0.5
0.4531341501450834 -4.34954541825705e-2 -0.5
0.3758396821671759 -0.11503426907412462 -0.5
0.30379105643615767 5.370862146498023e-2 -0.5
0.10520661233127526 0.19835789579173668 -0.5
-0.14153955756104908 0.2799401299438382 -0.5
0.38028361197403093 -0.4052385210527176 -0.5
0.1090743810846031 -0.21516431372401967 -0.5
0.25003093030935386 0.4225206643047411 -0.5
-3.963267636287404e-3 -0.48401385928357876 -0.5
-7.848561210613025e-2 -0.4760726683721631 -0.5
0.3708758399077051 7.877097090155061e-2 -0.5
0.30107842856986233 -5.99088374290051e-2 -0.5
-0.4706756634857786 -0.12811008711274285 -0.5
-0.1120679825409191 -0.3378676841887097 -0.5
-0.3629818249939397 -0.2766129129615341 -0.5
-0.4336572173936736 -0.21323570389849567 -0.5
-0.2691685875001767 -3.499753790068283e-4 -0.5
-0.15073679444328514 0.4082215381838403 -0.5
0.24998066394697094 0.37741412633051485 -0.5
-0.33475797372180205 -0.2615540469914789 -0.5
0.48627777452944443 -0.4947839734656242 -0.5
2.8248066540335515e-2 0.16450255793559676 -0.5
-0.1348679243797699 -3.3268230425951284e-2 -0.5
-0.10184847755191773 0.48484410091539454 -0.5
-0.455937988440025 -0.24016808210298246 -0.5
-0.1336039699757119 0.48931730576186405 -0.5
0.3588349889855553 -0.18169800838527805 -0.5
-0.28979824968940815 6.233755610095004e-2 -0.5
0.2263110461472777 0.1832117482268416 -0.5
-0.4364746561033668 0.3470513672482153 -0.5
-0.21087631020562891 9.41192076310271e-2 -0.5
0.18813171646058735 -0.2704316151381311 -0.5
-0.33651483945797045 -9.457018444423204e-2 -0.5
0.1335639221418946 -0.2535580796599546 -0.5
0.36704015226970976 -0.4750776251930332 -0.5
0.32540232614330455 -0.4146657755818284 -0.5
0.20675491017735437 -0.22621043196745505 -0.5
-0.11675974438818826 0.34011028814045563 -0.5
-0.4203682375437646 2.4616266386547347e-2 -0.5
2.499985100534785e-2 -0.4818309522968085 -0.5
-0.3674139952136759 0.38785135403583293 -0.5
-0.32671556732717644 0.15029415724429007 -0.5
0.3018401011716709 -5.313350372098236e-3 -0.5
0.15990608651630112 -0.48264898476078255 -0.5
7.187264512556235e-2 -0.3332277554055244 -0.5
0.3361614002946395 4.009024886691637e-2 -0.5
-0.46556334439463043 -0.4503902067073665 -0.5
0.1715310811907974 -0.4414845346833589 -0.5
0.15239601255235502 0.20838233259817274 -0.5
0.29488158341330817 0.3249672015493523 -0.5
-0.3835255991196196 9.643769139972669e-3 -0.5
8.103998577668181e-2 -0.34549062519907725 -0.5
-8.922518141115299e-2 0.1982588654377796 -0.5
0.43679839988511715 4.291483455232381e-2 -0.5
-0.24315480262222344 0.41837346922928176 -0.5
-0.3072939095124091 -7.409822194455429e-2 -0.5
7.13130018977538e-2 0.349206627616787 -0.5
-0.3311625836311297 4.5904124110638156e-2 -0.5
5.0922666585411225e-2 7.071404418956728e-2 -0.5
-0.2445954116555039 -0.4844673768049108 -0.5
-2.7590210096975376e-2 -6.909997246420785e-2 -0.5
-9.178752037321192e-2 0.46157177533873106 -0.5
-0.1543118442526914 0.21475650222956466 -0.5
-0.4787773865133723 -2.7260988354096405e-3 -0.5
0.41175755122237034 -0.1912778048832584 -0.5
-0.40017872204627203 0.20243007295664428 -0.5
0.16812814959660793 -0.1469016918699625 -0.5
6.618106504254095e-2 0.3872084008063389 -0.5
0.4946250461642111 0.3267468142577442 -0.5
0.46576908742964196 -0.1889990495501458 -0.5
9.671109079078155e-2 0.4596451923613679 -0.5
7.674244588574419e-2 -0.4364275973918029 -0.5
-0.20329662985146146 -0.3836574084635903 -0.5
-6.0743378862715414e-2 -0.2226628090399274 -0.5
-0.18699861484031655 0.4939619755263591 -0.5
0.42129497319205467 -9.391904327785028e-2 -0.5
-0.41174759122952354 7.35392199731072e-2 -0.5
-0.2981332414558294 -0.20373433010492947 -0.5
-0.4439117518177933 0.2676358858534288 -0.5
-1.9322393219755707e-2 0.3170934902913256 -0.5
-0.44626857447464463 0.47138695080661064 -0.5
6.842856381095508e-2 0.28287426723394493 -0.5
-0.20681933519377915 0.3286925609877893 -0.5
5.5826422840018375e-2 -0.2041854179497683 -0.5
0.2511088216309604 -0.35611671876295814 -0.5
0.49582375180242466 0.36817360318935743 -0.5
-0.3270066032436104 0.4869492899445118 -0.5
0.41978861455315075 -0.22172342747237794 -0.5
-0.27904570191029077 -0.14794324761332212 -0.5
0.26732078862080655 -0.10870541533233469 -0.5
-0.19246276918220873 -0.13591479583472377 -0.5
-0.36595909649125813 0.4173942177302119 -0.5
0.4510459434850226 0.27270910292025663 -0.5
-0.306376987603558 1.3115183084646653e-2 -0.5
5.544727251469572e-2 0.35251987002614094 -0.5
0.36307713376593276 -1.1493366949733685e-2 -0.5
-0.14714775586787798 -0.3738168714991741 -0.5
-7.783144666312802e-3 0.36647057826848384 -0.5
-0.4585178641005655 2.3508479097692936e-2 -0.5
9.334002593778035e-3 0.48708779770705346 -0.5
-6.1789746183508854e-2 -0.43891949058031055 -0.5
0.3577545872586806 3.793784874498152e-2 -0.5
-0.49527547756496204 0.25428948883798863 -0.5
0.27874766096307624 -0.31532282329627426 -0.5
0.2577490065338923 0.34194816060739286 -0.5
0.39135364290347463 0.3869247937437408 -0.5
-9.488925773975376e-2 0.4915104427739958 -0.5
-0.354893382759346 -0.3565430710367181 -0.5
-0.20537864228693503 -0.16980144825504695 -0.5
-0.26227356971393356 0.45717576301221086 -0.5
0.11746446970381863 0.18601114506188154 -0.5
0.3156953857209973 -0.10941827997382447 -0.5
-2.997291199023222e-2 -0.36557248827025846 -0.5
4.338001222182819e-2 -0.1492379317910819 -0.5
-0.2448780659993819 0.14848714336672086 -0.5
0.4223365602762327 -0.1454107173743876 -0.5
-0.47075014824332684 0.10338043265745445 -0.5
-9.732473950287235e-2 4.705117065857456e-2 -0.5
0.25181321906481646 0.10415678465702305 -0.5
-6.174616680218703e-2 -0.17255027800039835 -0.5
0.4657549005066881 -0.3810952179622338 -0.5
0.31185737825593707 0.11904730703753819 -0.5
-0.20986818582552702 0.38961330789047355 -0.5
-0.10493868691435071 0.34650214144842495 -0.5
-9.84367751259142e-2 -0.3470132119117494 -0.5
-4.9750389846087706e-2 -0.20665558316557897 -0.5
0.15184380957118748 -0.4683554287388363 -0.5
0.14321321375687646 -0.22522799684853845 -0.5
-0.22344283236776608 -0.37774493904832485 -0.5
0.33564449337497837 0.35665314764994416 -0.5
0.21689152820274415 -0.37266686520275083 -0.5
-0.39526350248602304 -0.2165743961552401 -0.5
7.686864654650083e-2 -0.34448829270356807 -0.5
-0.20490093425581934 -0.40761808557501567 -0.5
-9.329944905193766e-2 0.1585448328804947 -0.5
-0.18949057283351445 -2.2431850301029566e-2 -0.5
-0.28873600653700426 -0.2543659103204249 -0.5
-0.2927618332006898 -0.2277232117811403 -0.5
0.42138117316496837 0.1099953389407895 -0.5
0.346427019005209 -0.24956258698520706 -0.5
-0.22256148522221675 0.1728362396868458 -0.5
0.45212960217239695 0.27017421994996427 -0.5
0.5 -0.40016992060213796 -0.21071628348702232
0.5 0.39415414425756434 -0.45728562602547307
0.5 0.14662720233688353 -0.292984615522503
0.5 8.644937068807179e-2 -0.4976033282764175
0.5 0.14682992906899672 -9.546456964780525e-2
0.5 0.24756871123693236 -0.2534097760241123
0.5 0.28005646000749485 -7.170315266147587e-2
0.5 3.923831916828657e-2 -5.988016690110398e-3
0.5 0.4908860603934051 0.3591406732307809
0.5 0.3683076680974171 0.1622887481785702
0.5 -2.511497284087394e-2 -0.36394025905256644
0.5 0.2682213996232107 -0.15780043275026556
0.5 0.19833156641856964 0.4269821917016642
0.5 -0.26783689787203313 0.2509999448678686
0.5 -0.22556175312671023 4.83168487035841e-2
0.5 0.20708354508283056 0.44269812822293286
0.5 0.15014577836940213 -0.2615364811772204
0.5 0.4893293562475558 -0.21309670742041686
0.5 -0.3973085672418216 0.16672878307724404
0.5 -0.450852752690691 0.10235331432229211
0.5 0.14573326929146735 -0.4806754588553652
0.5 -0.12750532009151327 -0.4757995931792576
0.5 -0.18146783956507795 -0.31065465768280465
0.5 -0.11255963268830682 -0.40559256212366457
0.5 0.4303411837187605 3.686002978535352e-2
0.5 -6.258103391955838e-2 -0.26429524117512426
0.5 -0.1956075083488873 0.4975350206251805
0.5 0.36680058040469976 9.06277523104071e-2
0.5 -0.2945068984900683 -0.24561672294596737
0.5 -0.26382407497449434 5.186254693708525e-2
0.5 -0.15833328732346297 0.20846849364436615
0.5 0.10778578940155392 -3.8175191510997464e-2
0.5 0.4725746571514261 -0.1447313429726591
0.5 -0.3117308501189844 0.4250350188215043
0.5 0.1033300169613538 0.43674595043497
0.5 -0.32063905377741686 -0.25017334235567645
0.5 -0.3338134557581872 -0.3598098907545385
0.5 -0.16496299804023673 -0.42089011003733545
0.5 2.777236840747488e-4 -8.327064952259533e-2
0.5 0.24366778133821176 0.41836859420945394
0.5 -7.177599497624987e-2 0.3775675874052601
0.5 -0.21386213188338699 -0.18849337572005054
0.5 0.16115730264287054 -0.1821029718745859
0.5 0.21482635981845666 -0.4202122092785745
0.5 0.4079277648354641 -5.246521739541943e-2
0.5 -4.148712528650178e-2 0.3937237771010883
0.5 0.2549741659082657 0.40629656056179897
0.5 -0.16091829333848096 -2.9758481052028718e-2
0.5 0.32153301470923823 -0.17652846260495159
0.5 0.27461281936388493 0.2231475588816375
0.5 0.3907597844092163 0.23922159428742784
0.5 -0.39806352559943037 -0.1024684241704048
0.5 -8.064119227694788e-3 1.152596783199844e-2
0.5 -0.22694149176230738 -5.443926324536497e-3
0.5 0.17230668164572915 -0.1574106840974243
0.5 0.19500730789138487 -0.3101726151258061
0.5 0.3418288037625453 -0.19444764605196496
0.5 -9.907867209635524e-2 0.30507070065911324
0.5 -0.49778244676712724 -0.22462052212706218
0.5 6.66887847443064e-2 0.32857647069827944
0.5 -0.38817809656207414 4.3963356711568924e-2
0.5 -9.909064079424212e-2 0.10312252017320933
0.5 0.3703070382806545 -0.354742150787985
0.5 0.46355375069268256 0.4046838603795103
0.5 0.3706300556394241 -0.2512763898191289
0.5 0.17660623406899056 -0.2040060462220077
0.5 3.0205888384011947e-2 0.3690052571072304
0.5 -7.93034219548584e-2 0.35889129805396236
0.5 0.44265062337947214 -6.932665853410758e-2
0.5 0.3371196408774022 -0.17652295189547973
0.5 -3.822875920363844e-2 8.316149366392644e-2
0.5 -4.905528296928152e-2 -0.13868437739517592
0.5 0.4610415162582069 -9.184093981410402e-2
0.5 -0.25054276627216143 -0.28910786350245166
0.5 -0.3100811356762604 0.3734019584890246
0.5 0.41563170107595626 0.14652272338404615
0.5 -0.12044533680593383 0.1625406012452073
0.5 0.3229902429737437 -0.4541574679929299
0.5 0.46220848194450903 0.4447908157172985
0.5 -0.38461242302349796 -0.4123190111833822
0.5 0.27857518135339554 -0.22211842694685002
0.5 -0.30555878290738114 -0.36851377474044666
0.5 -2.608811011196155e-2 -0.14260054750170315
0.5 -0.45563232786039176 2.33029187832533e-2
0.5 0.10196777133542578 0.4179933943096864
0.5 -0.42520567691302213 -0.34043427099679346
0.5 -0.4203074535063833 -0.20315864975751485
0.5 0.4566199924509948 0.2587812554153468
0.5 -0.4530658508943678 1.9461340038095853e-2
0.5 0.3846427220824349 -4.54874279073032e-2
0.5 0.3093683912553128 -0.14332373419156286
0.5 0.14022070337741088 -0.463284599329825
0.5 -6.878752303665747e-2 0.3028701122413934
0.5 0.2702900940235523 0.3741522572641186
0.5 6.86224041595912e-2 0.35505599587892467
0.5 -0.3758738968578329 0.1344925245400359
0.5 0.30757602961295416 -4.618407021631177e-2
0.5 0.27327876635740667 -5.042266432437015e-2
0.5 -3.5104430433425704e-2 -0.2126989350163917
0.5 -0.4157069366775312 -0.47069650958915676
0.5 -0.31893025773804473 -0.40917223777809064
0.5 0.39331502909371263 0.3257815184943359
0.5 0.11598513498594043 -9.439167440921148e-2
0.5 -0.13521105031152825 0.3028630983290882
0.5 -0.296432879181483 4.2532582056519885e-2
0.5 -0.2734420964668851 0.4109061894183379
0.5 -0.4973224603653118 9.010295896895393e-3
0.5 0.3061667720905903 0.4925522342984139
0.5 -0.3136443441799571 2.9739241873338318e-2
0.5 -0.10034647722125878 0.11194897546707117
0.5 -0.4892995200978755 -0.279186535664639
0.5 -0.33538886199203477 -4.337248469794275e-2
0.5 -0.10002678885693139 0.45613164105961546
0.5 0.22131726540570662 0.2791655468442593
0.5 -3.1145857653122166e-2 -0.2781983714585341
0.5 -0.2271460175571567 0.24494735974604853
0.5 -0.48356381686151184 -0.42330072198476687
0.5 0.4155645804348037 0.46994730954756736
0.5 -0.3888371434828749 0.48247494393875767
0.5 0.29237859382972253 -1.0168395127965746e-2
0.5 -9.217184544127566e-3 -0.3163131574871254
0.5 -0.3223430180497543 -0.3252651470391029
0.5 0.24877065152756717 -0.18460462764740526
0.5 -0.27157861277499007 -8.769029001276274e-2
0.5 -0.28870097730001587 1.0072260785183085e-2
0.5 0.2934899502388345 0.27946956021677316
0.5 -0.46765378354452836 0.21192819281355468
0.5 0.28906452905436997 0.2852501030489092
0.5 -0.3815446008032557 -0.38840915278345234
0.5 0.291901933338263 0.4454248528867123
0.5 -0.13880010115055674 0.3379878513846768
0.5 0.42641417605417253 0.40498148011973856
0.5 -2.717641498683887e-2 -0.43658534675975114
0.5 0.3770584700812336 -3.533193249790845e-2
0.5 -0.13894882706567624 0.33547087598083847
0.5 -0.48794853848120134 0.3791971656935932
0.5 0.26345238301333396 0.44353151028742166
0.5 0.3678852687443246 -0.48750050502882303
0.5 0.36099264908953377 0.10014371916979992
0.5 0.31565376815317114 -0.24100667927648234
0.5 2.4625753511832493e-2 0.3535204312852981
0.5 -2.7503506209608508e-2 -5.394479010224296e-2
0.5 -0.23049733252612703 0.4959425783410828
0.5 -0.4477650606123773 -0.39024864211352084
0.5 0.4716515414571526 0.16364190159000291
0.5 0.35202753204547066 -0.3869159102772257
0.5 -0.38212379712100086 0.32142950885478117
0.5 -0.3989845273260053 0.14032010567190745
0.5 -4.919093722632273e-2 -0.20886604205464776
0.5 -0.3756506030815018 -0.46265151178997144
0.5 0.3322367705076814 0.4776572864993093
0.5 0.4083650075338673 5.487641781074526e-3
0.5 0.12590634054997696 0.1918648022963887
0.5 0.15668458935826046 -0.15568749348049593
0.5 -0.38363712570060193 -4.030913863789787e-2
0.5 0.40458058627524385 -8.202598682446893e-2
0.5 0.13060587336438756 0.23636916175585576
0.5 0.24843223713087859 1.2851608801546233e-2
0.5 -0.2634152050942623 -0.46850325944752647
0.5 0.268413657393329 -0.26987253670908895
0.5 -0.2162653504388804 4.0535267840063116e-2
0.5 0.22505148563824373 8.296988799810323e-2
0.5 0.43210063959293665 0.45097080729029326
0.5 -2.3191008455911155e-2 0.32618845149452536
0.5 9.552363809025533e-2 0.19759063643735075
0.5 0.11514238050961079 0.13403292089268581
-0.5 -0.32331619169812853 -0.4144227977871697
-0.5 0.4735953901338793 -0.467809993953306
-0.5 -0.16354563873004735 -0.2984855771521019
-0.5 4.570503571487705e-2 -0.1630368548740444
-0.5 -1.0565971063555168e-2 4.842228285076189e-3
-0.5 0.10107441117919913 -0.12344022513009711
-0.5 -0.2879498364575509 -0.13030407714619485
-0.5 0.40289034516144406 0.1682831156029797
-0.5 0.4275754744209789 -0.4548648377734441
-0.5 0.470181375369881 -0.20790122719374204
-0.5 -5.2476053733363726e-2 -0.27713078120303314
-0.5 -0.17645561382368347 -0.33782573125302284
-0.5 0.470485803413659 0.16399800442674428
-0.5 -0.22579142376912875 0.22394730164255305
-0.5 0.26588799445419253 -0.38316204111464036
-0.5 6.386492836760149e-2 -0.38950811742771285
-0.5 -0.3888180845282144 0.46440766103049735
-0.5 0.14010584223368028 -6.491533456876952e-2
-0.5 0.31563608995576664 -0.3822785404935599
-0.5 -0.1043579291241723 0.18783130189127284
-0.5 -0.2482174472355123 0.4534341022189802
-0.5 0.20700434417618274 0.3103990783801651
-0.5 0.1278299094424621 -1.7439235192230562e-2
-0.5 1.3140834719153838e-2 -6.051085192132144e-2
-0.5 0.4129212183187735 0.12267029235061266
-0.5 0.49895700358035344 -0.4135974596894778
-0.5 0.3049941652846372 -5.859733380126553e-2
-0.5 -0.366233881006957 -2.2433430528195908e-2
-0.5 -0.44214320006181407 0.2342814411801316
-0.5 8.673743713827642e-2 -0.49099466182261886
-0.5 -0.4257411941500985 -0.36785769099246357
-0.5 -3.983163727687322e-2 -0.49349876155610894
-0.5 -4.559786353551032e-2 0.19988221269553408
-0.5 0.4603549512254349 0.3261427060151717
-0.5 -0.16425752923549053 -0.21069284063416116
-0.5 5.2271416523246184e-2 -0.4403966008689938
-0.5 -0.19690952478010304 0.40853202885415874
-0.5 -0.21785825195812392 0.4960879409511777
-0.5 0.36353703394351966 0.11540289169218632
-0.5 -7.363493415927558e-2 5.53449396694613e-2
-0.5 0.1201615805317724 -0.24992862041302366
-0.5 -0.2770289541554123 0.2202057193971787
-0.5 7.766474227747411e-2 0.25837992992031333
-0.5 -0.2355890682227152 0.41575781950084156
-0.5 0.3241642229575026 0.3844397680722347
-0.5 -0.11122255553190852 -0.37701375732006626
-0.5 -0.3551427358089142 -0.1595109342210781
-0.5 -0.22531891006374816 0.4556801833939019
-0.5 0.10433481879720541 -0.11293032793884417
-0.5 -0.3171289064645949 -4.3022187998589034e-2
-0.5 0.42268410299573833 -0.3344867556878084
-0.5 0.49367143690911697 -0.261860633839209
-0.5 -0.24239779977074394 -0.1547875267922174
-0.5 -1.7408327421247982e-2 -0.3578974966467954
-0.5 -0.4445510960791277 -0.40352680522332496
-0.5 0.20192462257267518 -0.34995462310826553
-0.5 2.0172446983061088e-2 -0.2996973934303252
-0.5 -0.33172174317174397 -0.14167280479244626
-0.5 -0.36264629221731814 2.5795096106985493e-2
-0.5 -0.1919837486599073 7.181847855981793e-2
-0.5 2.230266730104813e-2 0.3141779149668077
-0.5 -8.142201403743488e-2 -0.1339062557888212
-0.5 0.16643709270240858 0.2658577087869898
-0.5 -9.789258803855194e-2 0.2858676336985556
-0.5 0.10863262166060073 0.10959562790733979
-0.5 -0.32011321094819634 0.4417352351436179
-0.5 -0.23609704662780417 -0.26200717477071456
-0.5 -0.32388521619664523 0.20039009603678393
-0.5 -0.18661264477997186 0.19461616158780215
-0.5 0.3381188894549493 -0.39855016167899615
-0.5 0.38369181696623345 -0.38328704438335015
-0.5 -0.2750554177319111 0.16411554147443763
-0.5 -0.23564378097464522 -0.3973952515836543
-0.5 0.19866083669031132 9.148603208847095e-2
-0.5 -0.23126438646227387 -0.2628398521619235
-0.5 -0.24977634520619985 -0.36146392803283045
-0.5 -0.15162424578736067 0.1321943844046929
-0.5 0.21455413341442786 4.881171429373987e-2
-0.5 0.17294405228186893 0.46583587643468793
-0.5 -0.4565998971773133 0.2494604379963593
-0.5 0.4857961143956836 0.20114274788696218
-0.5 -0.27999670543412547 0.2224398969233874
-0.5 -0.10313989480411867 -0.3559151391929736
-0.5 0.3333305175161507 -0.4690097552924295
-0.5 0.22615346699719963 -8.954095314579213e-2
-0.5 0.24145913621101434 -0.142440317332318
-0.5 0.31369693723992476 0.37896744466875953
-0.5 0.3920173714153621 -0.47967014392054286
-0.5 -0.32326153878173325 0.23020048495945
-0.5 0.169381673384434 -0.298777214541878
-0.5 0.4506498793273713 -0.1397040532626702
-0.5 0.20892930235500728 -0.30848804494063886
-0.5 0.36779990776247407 0.2736626092863387
-0.5 6.943905326540478e-2 -6.265495108969366e-2
-0.5 4.5864280048535266e-2 0.25046703781505086
-0.5 0.1715510068119439 -0.28921459092035884
-0.5 -0.18692311985611865 0.2859584670922627
-0.5 -0.3926988500039018 0.11644567145769857
-0.5 0.12212055491216911 8.064015444085737e-2
-0.5 -0.24737804560841292 0.14715326149177055
-0.5 -0.22607215467035113 0.10815778930263509
-0.5 8.480454605660859e-2 -0.1446611480744754
-0.5 -0.3240764933784025 -0.46183252843726363
-0.5 -0.25105846098994666 0.2832599437590846
-0.5 -0.14659718388832133 -0.3862805402802172
-0.5 0.3900592906073326 -0.4611033732291925
-0.5 0.21213340646837098 -0.3160440165460564
-0.5 -0.4434516322454841 0.18920715530131882
-0.5 0.12164373642247917 0.41555443293341987
-0.5 0.2981935008111384 -0.14960693003105796
-0.5 0.34844880946121337 -3.990906750837808e-2
-0.5 -8.519405276659309e-2 0.14035074384711976
-0.5 7.899236261499742e-2 6.016552173776857e-2
-0.5 0.1752724957772528 -0.3329224829843622
-0.5 0.13558482447851505 -0.42593672567967933
-0.5 -9.366373956175911e-2 7.254174817523928e-2
-0.5 -0.41809108438133846 -0.11402051552730119
-0.5 0.1321751091158918 -7.317931757615803e-2
-0.5 0.16687820210098503 -0.38761146698054894
-0.5 0.22167981547494298 -3.4708991170011583e-3
-0.5 0.1286719019476995 -0.2588094434750766
-0.5 0.36305610057201987 -2.237291969874755e-2
-0.5 -3.865103990038066e-2 -0.3980900201631308
-0.5 0.44755025668816517 0.33761459193126775
-0.5 0.48438803000204667 0.45906425056924616
-0.5 0.22922531321898842 -0.47895772031665074
-0.5 -0.44536336729993764 0.16956689678912062
-0.5 0.2994226435590176 -0.11409400094206046
-0.5 -1.5507407201699852e-2 -0.12417999835827875
-0.5 0.19249147018640544 0.49846941817664014
-0.5 -0.18816619999583384 0.18975481452070764
-0.5 0.20768048845433706 0.17183754747060764
-0.5 0.15648059091059252 0.296547785071698
-0.5 1.643223312689357e-2 0.4721193639971878
-0.5 -0.3953621238351709 0.48484739881737926
-0.5 -0.2861789304994188 -0.13218738863898916
-0.5 -0.43775003621247255 0.2526355088451018
-0.5 -0.3076507211465327 0.1741954369015125
-0.5 -3.309515098962712e-2 5.184177980480231e-2
-0.5 0.21430153855024403 -0.3365616331837926
-0.5 -0.48532914567171204 -0.39629808525493493
-0.5 4.769025127285198e-2 -0.15498175885784504
-0.5 0.29248143198971 -0.11235412080156526
-0.5 0.16621580715886297 0.3920942401867107
-0.5 0.4828792217648906 -0.2969520182150338
-0.5 0.3921562010030808 0.10707962599465637
-0.5 0.44028979064482143 0.24791514729895447
-0.5 0.3069698706809094 -6.586193010461006e-2
-0.5 -5.3588699292819175e-3 -7.067738736562268e-2
-0.5 0.30386271586706537 0.2813525595856361
-0.5 -0.4872880141476865 0.4290422875080824
-0.5 -0.3211519209132989 0.23087247947198353
-0.5 0.4698004964518152 -0.233152932169701
-0.5 -2.2234068245103544e-2 0.331971865389064
-0.5 1.5875228390836438e-2 0.28663481732440443
-0.5 0.20438319020458728 5.793643152742245e-2
-0.5 0.17897081441164697 -0.17735961318216975
-0.5 -0.30360663883448125 0.43336278801003136
-0.5 -0.43357220754994086 -9.55103437807634e-2
-0.5 -0.27913736781430154 0.4880173394029862
-0.5 -0.14912573369802973 0.335477692413905
-0.5 -0.2571764419361766 0.3936627493587773
-0.5 0.4374478202502776 -0.21346797179989274
-0.5 -0.39826452977007476 -0.10347475746543178
-0.5 0.4082364756321001 0.22234479476928604
-0.5 -0.22729985816907994 -2.1498629965159832e-3
-0.24646270121268876 -0.5 0.38191241116317587
-0.4523766577552175 -0.5 -0.47829287704921564
-0.4737599646289016 -0.5 -0.3093588245523282
4.960700741682311e-3 -0.5 0.17690214271752558
-0.16263130867597264 -0.5 0.10514902621795763
-4.546137371045744e-2 -0.5 1.1150783242284135e-3
0.14408559032789625 -0.5 -0.18894624804426785
-0.23341590559490555 -0.5 0.3425542478960698
0.36430661169904544 -0.5 -0.2634158085989037
-0.4333169647097127 -0.5 0.4218675510205918
-7.983689620728407e-2 -0.5 -0.1903623113482843
0.3788261263160685 -0.5 0.4874800096014932
-0.262732722199018 -0.5 -0.10439947661358717
-0.18370446483430103 -0.5 0.19689418158009842
-0.24803478215410157 -0.5 0.18540079231762796
-7.931244193427367e-2 -0.5 -0.22708664884898588
6.684528996640293e-2 -0.5 0.1956826041769193
-0.2090761869482719 -0.5 7.793499892560429e-2
3.395255608684333e-2 -0.5 7.404517529290977e-2
0.24755042662632742 -0.5 0.273350774292177
0.3524597888854504 -0.5 0.38758467128811
-0.46381750775053376 -0.5 0.10197027412878479
0.43712789686857145 -0.5 0.2811069882370473
0.14425459589202627 -0.5 0.2791570876784709
0.3955007760816476 -0.5 0.2030257763185367
6.0495041080265155e-2 -0.5 0.4318107672708187
-0.1997766852710351 -0.5 0.38522906535893475
-0.10463991293353248 -0.5 -0.1301223275961716
0.4102202599478706 -0.5 -0.2912341652963203
0.4426295117711816 -0.5 -3.3893116995676875e-2
0.3068926222737589 -0.5 5.577511637592225e-2
-0.18744882553673092 -0.5 4.584710587864527e-2
0.4362293773589837 -0.5 -0.4555044700548422
0.22710971321258067 -0.5 0.22720890837691576
-0.43180335218184185 -0.5 0.1473231468940428
0.43055417259453643 -0.5 0.37471117997496217
-6.000583222058842e-2 -0.5 0.17683222521236308
-0.27079499070793434 -0.5 0.4077347141638479
-0.2678726164397619 -0.5 0.30870414713634065
-0.3909376496567629 -0.5 -0.3076787148705312
0.31214040245314856 -0.5 0.1279474575393199
-0.3401540531769447 -0.5 -0.37646747125621927
-1.1158619026626293e-2 -0.5 -0.30650945405541474
0.3139952653175435 -0.5 0.25168612502976473
0.24035895782904826 -0.5 -0.17328319910805345
-0.1809577473587458 -0.5 -0.14779253815457483
4.00301554178254e-2 -0.5 0.28009510318002584
-0.2843472410183878 -0.5 -6.425367634936419e-2
-0.11819417805353138 -0.5 -4.92907084408134e-2
8.571583552294415e-2 -0.5 -0.3092331812921695
0.4546499064141838 -0.5 8.64328469848975e-2
0.3854476458310182 -0.5 -0.4266663756919944
-0.47673171873236253 -0.5 -0.3265147920189839
0.19212483691981141 -0.5 0.2896486946123762
-6.1368104227769504e-2 -0.5 0.34490181821630017
0.2034279282328454 -0.5 -0.3896956230959405
-0.30148390979642314 -0.5 -0.39957461661948845
0.4410079483606335 -0.5 0.4169974603585449
-0.22751013766750905 -0.5 0.27621071434103317
-0.4507392517279678 -0.5 -0.17956698938944693
0.4274109069749735 -0.5 -0.41564829635416833
-6.379439527541209e-2 -0.5 -0.37089378533749806
-4.284662347838786e-2 -0.5 -0.11350118522468144
0.3460335974194101 -0.5 0.17246517762015157
-0.15336481231822252 -0.5 0.4704263992204547
0.18316734403461676 -0.5 8.743479325875059e-2
0.4976825111870875 -0.5 0.11231119429004444
0.43153251272442905 -0.5 3.651660824897818e-2
0.18416533347393793 -0.5 0.45855898170971177
0.339077130037712 -0.5 0.3848363991400383
-0.18897359784277457 -0.5 0.15030614081986626
0.49898593233738264 -0.5 0.46691569876262073
7.300172273120664e-2 -0.5 0.3024224839988534
-0.3520945523524316 -0.5 0.4719971964341163
-0.15777843818699122 -0.5 0.10091809876855895
8.47741236797207e-2 -0.5 0.13588022148899692
-0.18821668695276883 -0.5 0.10188965239610182
0.10074597650305439 -0.5 -0.4482605882515137
-0.11627889254884782 -0.5 0.49225346134127423
0.47141262866887124 -0.5 -8.33880654718413e-2
-0.31235523833265566 -0.5 -0.37555459244730227
-0.25439314312894634 -0.5 -0.19193723235148252
-0.17481987056278747 -0.5 0.43077003069718645
0.12233484772461678 -0.5 3.8677570631887925e-2
0.355752456424385 -0.5 0.397552413628102
-9.729029810463885e-2 -0.5 6.088443727086146e-2
4.76598431543096e-2 -0.5 -3.353417513433876e-2
0.3274147503797292 -0.5 -0.21812154325643263
-0.1880849408984714 -0.5 0.4409393914622347
-5.1251422665624546e-2 -0.5 0.4533050461756051
-0.4080686326005699 -0.5 -0.1307952946455666
0.28292745585795376 -0.5 -0.15902252990872612
-0.1956126614383944 -0.5 0.24982763052048063
-0.12608118655403888 -0.5 -0.49950364427542926
2.314787918797212e-2 -0.5 0.15129161193515828
-0.2810653359316333 -0.5 0.28174701584340334
0.32394977802686653 -0.5 -0.3766092026552432
-5.8676943202349396e-2 -0.5 0.2886448081784714
0.2793455402577639 -0.5 0.373979005479537
-7.909040095264852e-2 -0.5 -0.23499649059016325
-0.13325482117887233 -0.5 -0.37988470780583616
-0.2184163824551455 -0.5 0.3848961853567132
0.241192440777389 -0.5 0.17605765689195774
-0.3615338243163073 -0.5 0.26365726602621986
-2.1335359472175464e-3 -0.5 0.19027886157224272
4.818863032949239e-2 -0.5 -0.33311293587672286
-7.841072669794613e-2 -0.5 0.36423199511255666
-0.1930700365815583 -0.5 -0.11413816211434569
-0.44306818297508443 -0.5 -0.19329957506779472
-0.2979769666311145 -0.5 -0.4057900729214209
0.18615613102551798 -0.5 0.19936840064788286
0.16504200287220272 -0.5 0.32403248756025893
0.2580112756683567 -0.5 -0.3357593511707242
0.12926921098072242 -0.5 5.4948002355092784e-2
0.2969017360076017 -0.5 0.431738213864587
4.519082420426579e-2 -0.5 -9.453282403829677e-2
-0.352659598314519 -0.5 0.18992865157289085
-0.14588332284574645 -0.5 0.3836523320496237
-0.27736472906466214 -0.5 -0.25765615464936253
0.1563950461412834 -0.5 -2.1044424633099856e-3
0.2665609884395266 -0.5 -0.20130596788159738
4.845521919379403e-2 -0.5 0.2858913549936657
-0.331362524272248 -0.5 0.38838310248922037
0.1666374029008274 -0.5 -0.24253554314060632
0.2574770373041091 -0.5 -9.194375964669077e-2
0.16496067619914245 -0.5 -0.23738476243150508
-0.41770042686615005 -0.5 0.12724684717804047
0.30973951165031144 -0.5 0.4919341808375972
0.3506127560637027 -0.5 0.14546268825087605
9.308076861597825e-2 -0.5 -0.44303052268038834
-0.23211828981999072 -0.5 3.6231984712818965e-2
-5.722398206794321e-3 -0.5 -6.126537718373892e-2
0.3400958735575309 -0.5 2.9763648148424138e-2
-0.3496080128485666 -0.5 -2.0388331512931512e-2
0.348183094563411 -0.5 -0.3603205844930365
-8.98230931201871e-2 -0.5 0.3565110266922753
-0.1389109706063557 -0.5 6.173950740278189e-2
1.6854773794533262e-2 -0.5 -0.16402565150430526
-0.42722395906357247 -0.5 -1.9149381575302993e-3
0.10761850800861295 -0.5 -0.4321165870911029
1.008824091537075e-2 -0.5 -0.14078580085646408
0.11746999973419237 -0.5 -0.2560192044505859
-0.18449855708109908 -0.5 0.2794316728824945
-0.2198030866513272 -0.5 0.169023590302961
0.4887758627153552 -0.5 0.24245382356136003
0.4269543074405566 -0.5 -0.39888359132010764
0.2679934097731327 -0.5 0.17435953932977366
1.829607762131258e-2 -0.5 -0.27741625165175465
4.3886967970309554e-2 -0.5 6.751102890483274e-2
-1.6665211597721385e-2 -0.5 2.0025830022539548e-2
-0.30685404521640813 -0.5 0.37505500274622816
-5.062760294711133e-2 -0.5 0.4615881181015965
-0.18085056904901142 -0.5 0.3364153243430892
-0.20119397226182145 -0.5 -0.1803687757413761
0.41005725838070983 -0.5 -0.3863797418813699
4.186270971069717e-3 -0.5 0.19789861146074428
0.22725302421362914 -0.5 0.4035393261091774
0.14968552455743223 -0.5 -0.1461672791948373
0.39622930516245725 -0.5 0.277441325472646
0.17876686241254214 -0.5 0.24053516816300347
-8.202736337053318e-2 -0.5 -0.3749104455323876
0.26059563048940304 -0.5 -0.29564415086197915
0.4481672866782461 -0.5 0.12750725813104158
0.2321174427688052 -0.5 0.46694524165702733
-0.27363667780493506 -0.5 0.24709919151979098
0.43567191217334955 -0.5 -0.14366344782442175
-0.16965021872203345 0.5 0.17824738169495202
-0.372976419873687 0.5 -0.4941895307476759
0.21602594789081375 0.5 -0.3148183013500039
-3.578363423151243e-2 0.5 -0.4885313838801012
-0.32002720880852464 0.5 0.20545582415083907
-0.19199692018154446 0.5 0.13104314438632014
-0.42929275348920726 0.5 -0.2475881805237714
0.13023612039825205 0.5 -0.4832158662241941
0.2956242167931309 0.5 -7.200802583771704e-2
-0.33148474226917213 0.5 5.1677814066849015e-2
-0.10719797709977397 0.5 -0.10355259508018133
-6.051984777355224e-2 0.5 0.3073717414348891
9.380268382717438e-3 0.5 -0.367424910301861
-0.136245220128846 0.5 0.1698410615176439
0.24345645025872442 0.5 -0.24070557331139975
-0.22248981223614872 0.5 -6.46651802702588e-2
-0.4721185729312135 0.5 -7.837325361536296e-2
0.44711406964040323 0.5 0.22074408600662432
-0.25306177872078395 0.5 -0.4749621482778942
-0.4005827024550961 0.5 0.35882876186115786
-4.1490927641529285e-2 0.5 0.3217357171943789
-0.12922535065613017 0.5 -0.11178956947986907
-0.25898788630786984 0.5 -0.42038827316559824
0.2699965481314103 0.5 -0.38113348788981327
0.3780393258497372 0.5 0.2887950308890114
-0.3725946356491956 0.5 0.28254979516981915
0.30086647319441273 0.5 -0.1709032890675113
0.16228461766002644 0.5 -0.2432247568481285
0.26262544320804815 0.5 0.1886227524164248
-0.20147793675877435 0.5 0.42320818941269545
3.411242967649597e-2 0.5 0.479449170157662
-0.33510726020994264 0.5 -0.41480726510516996
-8.190213533316837e-2 0.5 -0.11622219216249197
-6.176771213627363e-3 0.5 0.13372988933599494
0.3006505864532374 0.5 0.499884117406342
-0.1911630713341732 0.5 0.18448815988021428
8.231163094147698e-2 0.5 -6.023986420005978e-2
-0.3236900062072521 0.5 0.32475401156571493
9.5345924243468e-2 0.5 -0.4979533510061511
0.29175963484574974 0.5 0.3292978690080457
-0.4904670050229246 0.5 -0.4941349796764132
-0.40327939061704654 0.5 2.685886125324366e-2
-9.465117939202272e-2 0.5 0.1339734477394845
-0.14179244849425565 0.5 8.765591539061135e-2
0.15663666236444063 0.5 0.2690355569621513
-0.2506516927722292 0.5 8.146968900570117e-2
0.4299132537006455 0.5 -0.2857123916028512
-0.34341705680495105 0.5 0.421143980101782
-0.3353923739655642 0.5 1.4348911057217473e-2
0.49397387127589487 0.5 0.4245968334090344
0.4865742250007058 0.5 -0.4872752645717693
0.27718260833956543 0.5 0.4139414146392014
0.2888933543112344 0.5 -0.49820081083239665
0.39624470749545904 0.5 -5.743282835782493e-2
0.3217738796288041 0.5 9.878593550896897e-2
0.21030375808221236 0.5 -0.4294363846650461
0.3768597334240926 0.5 -0.4994520782272214
0.20836535412238366 0.5 -2.437375932238728e-2
-9.23742215362694e-2 0.5 -0.47874595319554636
0.29058845328638794 0.5 -0.43632450469076955
-0.16748061493253152 0.5 -0.14547450767514436
-5.153906228401661e-2 0.5 0.3920774387004714
-0.24671609221949475 0.5 -0.4928596023992138
-0.21545398772517854 0.5 5.364895093919697e-2
-0.4207340552305342 0.5 -0.16870134463450714
-0.30813809196145003 0.5 -0.2614516396049966
0.23137957617527127 0.5 0.4812990008306691
0.19232300425326954 0.5 -0.12194310893627691
-0.44505644985358284 0.5 -0.27216739722967465
0.3400763786152592 0.5 0.1628504357698758
0.23298846315902066 0.5 -0.31614239722741033
0.27835808334538037 0.5 -0.23028414394919616
0.3817301961009052 0.5 -3.1315893521273175e-3
0.10243985154874502 0.5 -0.14207763019911823
-7.89616889730046e-2 0.5 0.46467628811761086
0.41936583897899515 0.5 -0.3721064299278797
-0.21943684234754957 0.5 6.613014179017573e-2
-1.3103665240242424e-2 0.5 5.466734762180214e-2
-0.4055435606300575 0.5 -0.48132943058927846
0.39409411515778237 0.5 -0.421650101124023
-0.10509305887701392 0.5 4.770705922364893e-2
-0.22350002629841714 0.5 0.3989754313175672
-0.25183064726016013 0.5 0.21745543900591602
-8.870230689884051e-2 0.5 -0.45896590438249874
0.4799379136675894 0.5 -0.11535421959800374
-0.43070845464444907 0.5 0.25887839093533704
-0.21833576609938232 0.5 -0.45140784228949493
0.2628121293440965 0.5 4.3427057407677716e-2
-5.2908343015209525e-2 0.5 -0.34832146361641103
-0.26651247136362544 0.5 0.2053875453116576
-0.2668283909418653 0.5 -0.12717561371667396
0.35163605483555016 0.5 -4.184729106186058e-3
0.24097476936073703 0.5 0.22599241333605313
-0.32156017996012853 0.5 6.364766253883514e-2
-4.9822922751415755e-3 0.5 4.670241545271503e-2
0.2663183213247895 0.5 -0.14200158444891475
-0.17054937144220617 0.5 -3.909437957604134e-2
0.2807174877884 0.5 0.46084370648067474
0.43657052560335874 0.5 -0.3326406586498599
8.390768917776581e-2 0.5 0.38285375732790294
-4.0437487687393525e-2 0.5 0.13740407286153566
0.47307337292632 0.5 -8.558796604402152e-2
-0.1989106724188774 0.5 -0.19134195072274052
-0.4774227198266492 0.5 0.24409583470670904
0.14770239776451355 0.5 -0.2385757455964177
-0.28835146742821327 0.5 -0.21049478429488055
-0.3689550982828328 0.5 4.4508483608308835e-2
5.7269835831874616e-2 0.5 -0.42281428046871417
-7.821348786002047e-3 0.5 0.19251537757371728
0.10589405075855596 0.5 0.33265425999901943
2.9193776691387452e-2 0.5 0.43860486080935934
0.4152368120976444 0.5 -0.4922027990627552
0.43161713337487384 0.5 0.2683155375022134
8.326568776562249e-2 0.5 0.4428189645316869
0.4636734261340234 0.5 0.28941339182742276
0.17859037095438612 0.5 -0.26697968202246014
-0.28718686583434583 0.5 0.493877818673083
-0.4292725557460887 0.5 -0.15951554148745573
0.27835085493776723 0.5 -0.1277423271500997
8.569650620507319e-2 0.5 -7.79470641542046e-4
0.39907778916072634 0.5 -0.1438022538695486
-0.2714764631231358 0.5 -0.4058441318953516
0.3812570307131581 0.5 0.18022874933076827
-0.11423372763601736 0.5 0.18272809239007037
3.0565806187602074e-2 0.5 0.35708923813215676
0.10069651601643537 0.5 4.188433872210018e-3
-0.38999600160043923 0.5 9.025783692423384e-2
0.32005637974160517 0.5 9.2548592014704e-2
-0.28872209768679924 0.5 0.4096503578441263
-6.370702530663741e-3 0.5 -0.3899442341399675
-0.2761121028946405 0.5 -0.11195980573779607
-0.22445608580662968 0.5 -0.2943270554247316
-0.48166089114758837 0.5 -0.23168944941757608
0.28972426536517004 0.5 0.4870629649821647
9.176979779391625e-2 0.5 -0.21090233840600292
0.1119467532801649 0.5 -0.15487352764030704
0.15988661016783778 0.5 -0.1291564940395381
0.3413190223222453 0.5 0.4976705288445997
0.17864699444391274 0.5 -5.025812393588169e-2
9.35477466981971e-4 0.5 0.4723284590015868
-0.494494610916116 0.5 0.10935419777137956
0.18729147144602565 0.5 -0.35701540362997297
0.3385216922666614 0.5 -0.32341024766281845
0.394177781119913 0.5 -4.863328897823804e-2
0.4946725036658197 0.5 -0.21818110423846115
0.46708297639816676 0.5 9.5112183370344e-2
9.573779847765884e-2 0.5 0.10080369294202363
-0.2757495243717726 0.5 -0.48355704101491825
8.776028168070427e-2 0.5 0.20569968359385782
-0.34256542483313546 0.5 -0.23597009860185292
-0.1264610842799142 0.5 0.3210677179843737
0.21985546860572247 0.5 -0.3076547584368672
0.16304334843425738 0.5 -9.401618072555118e-2
-0.38015387627853936 0.5 0.3072905831281837
-0.1904716339412057 0.5 -5.40635001484403e-2
-0.1959696402676634 0.5 0.33248826720486946
0.275618203679458 0.5 -1.5561973018044961e-2
-0.3969398192239465 0.5 0.2796747009523519
0.22069977851758205 0.5 -0.34419323467139407
-0.36341163860589165 0.5 -1.5329940558590494e-3
-1.4929469880175517e-2 0.5 -8.000926737189962e-2
-0.22163253550358686 0.5 1.508995691204884e-2
0.45351470575415653 0.5 0.46306895587799446
-0.14295584012678886 0.5 4.26547953048364e-2
4.4407199094183114e-2 0.5 0.2717708570250186
9.864320567864004e-2 0.5 -0.27980498530026976
