0.5216867215779399 -0.8023383081426317 -0.2899934547814488
0.4001927555794391 -0.8272635184369451 -0.3943105748582727
-0.8639859996491588 0.4587985965081438 0.20744165505606946
-0.4071624416105948 -0.7184517853714436 0.5639554754041174
-0.32937083329176303 0.6304924380473078 0.7028471667025851
-0.20633689231106575 0.5176488835441648 0.8303401232247489
-0.5646982245144293 -0.10539029855875462 -0.8185406527472828
0.2481887248414141 0.3488124289267389 -0.9037323974981872
0.3169717285567572 -0.8595663426676683 -0.4008423952735911
-0.7388430337038682 0.6354963812147206 -0.22417698590680393
0.7952678712708323 0.31325268969668973 0.5190585374715921
0.7752407158988494 8.527400813354649e-2 0.6258835162787717
0.2879617588282813 -0.21708320005971576 0.9327126619191766
-0.8270044257791421 0.5259235419259986 -0.19866581937948946
-0.23573381493789144 -0.37254263477547583 -0.8975753749793799
0.9488481500906156 -0.30763055017747876 7.106780330866022e-2
0.6477857873468212 0.24870008229465582 -0.7200846080691423
0.19673565415045058 0.32435886537906683 -0.9252493765661227
0.26437036549593307 1.5738437002732433e-2 0.9642928037936702
-0.21161509271472467 -0.3094201629545794 -0.9270804794042964
0.47580637625825495 0.7763677007392452 0.413353947073021
-0.1575674284782221 -2.4162090004204643e-3 0.9875052746273443
-0.4130335959199734 -0.7567653004785013 0.5066651050083277
0.18134260243739703 -0.5948543107315998 0.783111237018896
-5.9756831007914804e-2 0.9607393104280813 -0.2709411348357174
-3.960349663935797e-3 0.8908809514616117 0.4542196010228894
0.7873688432022861 -0.19204271882176097 -0.5858070492080477
-0.6286008383570414 0.29027490271384443 0.7215271768071476
-0.293295150226553 -0.4255205651147758 -0.856101748344194
-0.8591754980939053 0.4067639361824709 -0.31041997953809713
0.39903454505308494 0.8033320356439871 -0.4420736051410052
-0.4293640902636965 0.7058447705768727 -0.5634089437001426
0.5771275681767126 -0.5749267651753401 0.5799853314830068
-0.7672715779487198 -0.2505501502501285 0.5903549338166996
-0.8395309726833465 0.1694176447975567 0.5162222462627923
-0.7856692058702796 -0.49293900373658356 0.3738115000135076
-0.4374067627777576 0.8921606217112877 0.1128040289351898
-0.11385067872751242 -0.841183441742983 -0.5286288303627739
-0.5802919597713077 -0.8140185537019359 2.5199913765400275e-2
-0.8938515955107951 -0.44286559389104946 6.99956495100508e-2
0.795351083272371 -0.10390705639038982 0.5971766723254941
0.4142031104867262 0.5861902844656334 -0.6962878238639684
0.773844363628375 -0.6149843683181035 -0.15152269666613813
4.605666706993861e-2 0.14769312156642758 0.9879602852647333
0.19840220451791193 0.44645217814799026 0.8725348232989603
0.16980893040616463 -0.7558497601650822 0.6323417329361569
-0.8790757618688104 -4.484007981138845e-2 0.4745684061726811
-0.8645933359276405 0.49858102444731817 6.2412543054876035e-2
-8.93975913858519e-2 0.8609828922689923 -0.5007160171939071
-0.533489198755517 0.2527769448695358 0.8071512193843358
0.5386953461373665 0.7455642429241564 -0.39235351881036146
-0.5396496162457038 0.27664559171618935 0.7951386723521023
0.7491843032843003 0.6355757480615206 0.18645736292368859
-0.6884361578297936 0.5547420307212448 -0.4672439790343166
0.6651325650520244 0.6922956323134403 0.27986680472511954
0.47176213419048846 -0.8758982561943538 -0.10120639080475849
-0.691392940433451 0.5417481972014643 0.47800072463098825
-0.4398688905231342 0.8890690766444256 -0.1267735623250185
-0.3796647342427839 9.355127295076594e-2 -0.9203819038321254
-0.13514904712788914 0.6281807158729447 0.766239990646389
-8.32243247166684e-2 0.9690775046901671 0.2322983032200915
-0.9824767953107998 0.143796599905574 0.11858281718451828
0.8081980405374034 -0.5659641127603405 -0.16278989630472226
0.9559723699868861 2.238588856120717e-2 0.2926016059678782
0.9282175928814883 0.3136633417308387 0.20006850906511695
-0.35166375536446076 0.5783339326903605 -0.7361130792628713
-0.8938570563195527 0.12195743625174137 0.4314463426784918
0.8767494982215792 -0.4346771868754518 -0.20583017411995888
0.9301678909118792 -0.12104008455512696 -0.3466078369677089
-0.46093432289464015 0.13359275363945924 -0.8773212217612694
0.6206886523235295 -0.631561642578733 0.4646240291892503
0.5565303066412384 -0.7069437624181975 0.4364682515003954
-0.9396393603924359 -0.17552615892287746 0.2937148956642732
-0.7154679008195637 0.42582700265839846 0.5538745766902569
-0.601723892336234 -0.55236334064619 0.5769082225986326
-0.8549212071886628 -0.3073354923653116 -0.417917006870564
0.9194101667873421 -0.37738701942651925 -0.11074286783553894
-0.9598832602615316 0.11092518638576992 -0.25752617283486934
0.9812810476712464 -9.015242212909182e-2 -0.1701765150233108
0.7462442757419282 0.10443272709298444 -0.657429301472278
8.901538618572796e-2 -0.2521930220345836 0.9635740452395289
-0.2087649709014569 0.19975305851192152 -0.957348370521226
0.8441198817068772 0.34805394838235104 0.4078235823522509
-0.18075194598792924 0.16669969927255193 0.969298686826727
0.7702804774153031 0.6297315902943108 0.10052915148478583
-0.9218144971308442 0.3229470875429411 -0.21439032517103151
0.37033568879661805 0.5967949017666108 -0.7118197263555682
-0.45475875753794404 -0.6362340998055336 -0.623217973655436
0.8981508300269846 0.3452460467551058 0.2722687160174853
0.30309632858238017 -0.9528699263664961 1.3096527256864134e-2
-0.7846096659997144 -0.48288677905425714 0.38885476804897445
-0.5975438572666957 0.49791330086576585 0.6285090957685466
-0.6417610656633963 0.7516546034640443 0.15217782916670944
1.3629667463068245e-2 0.9929727068426318 0.11755609567548228
0.4905557303622092 -0.8550666743468877 -0.16797636092662896
0.2782341325926195 4.764547596073648e-2 0.9593308480815717
0.8265995797700645 -0.5627877226619308 1.7646373424429632e-3
0.35147206599032016 -0.5197087764393096 -0.778697742722073
-0.5133124210450232 0.7803605671116972 -0.35713826971917645
-0.891822860267132 -0.43822597740024705 -0.11229416118636665
0.4554398187285124 0.8658473384425328 -0.20708200797877588
-0.8892861925922075 -0.4543936575116316 5.192756183431951e-2
0.9930461513646266 3.717036022140215e-2 -0.11170365070540177
0.278172248147783 0.2902709345292279 -0.9156216385210306
-0.9306741859708852 0.360272895148287 -6.363175770714893e-2
-0.19398205369892102 0.9169308576236833 -0.3487244831958969
-0.8019172272647995 0.5946774922739259 5.7336208443973864e-2
0.8846263383206485 0.2389664614502069 -0.40041387569784387
0.9712574055760929 0.18936539917905726 -0.1442213496932869
0.16167141283363895 -0.19727439152413398 0.966925627295687
0.5119746092795269 0.5872408570161127 -0.626921187474197
0.6135355604417455 5.496028738694696e-2 -0.7877521709800471
-0.729381991761202 0.6838388867533246 -1.9138627391629515e-2
-0.6976605159404781 -0.11204371780837223 0.7076128954430831
0.32253227357056524 -0.8683416271967574 -0.37677015670391095
-0.646000704249255 0.21049475367139528 0.733740450558837
-0.6013587525509076 0.7292158238728609 -0.32651482806120924
-0.14931000865467847 -0.9887205741136947 -1.17536224129332e-2
-0.3964896113386632 -0.29135425655723896 -0.8705795111800497
0.7061702603457239 3.888530545693877e-2 -0.7069734764634193
-0.943287226987255 -0.27199182018729906 -0.19034089721837197
-0.5738894132204665 -0.7065821350913994 0.4139959272301456
0.12876348623249417 1.0506738732751365e-2 0.9916196715749723
0.564405830808936 0.18471198386539184 -0.8045666791294466
0.1981898915351264 0.36474135917838263 0.9097716789381833
-0.16193446260299868 -0.3200938698998572 -0.9334437017163978
-0.9315388780023762 0.128340684927873 -0.3402410724211855
-0.6439660243918972 0.6402305324640573 0.418822903778774
-0.27299985187503567 0.6013510825153807 0.7508980999002384
0.916577907381479 0.3377469501676277 -0.21403723356615997
-0.22418352812854125 -0.1403332074300776 -0.9643901371375727
-0.15410798960427605 0.5034132201189437 -0.8501916591860945
8.569550765573951e-2 0.9936692799348151 7.264738179350443e-2
0.3531725011200447 -0.3437963523054745 -0.8700995647591498
-0.24314605939046674 0.571295611814971 -0.7839013443819608
-0.3507446870648952 0.6774753162288123 0.646533340514176
0.1206311605161992 -7.693008982309124e-2 0.9897120209395893
0.5300764441037712 4.9206152920138684e-2 0.8465209494874308
0.7818238749225171 0.12776489566183374 0.6102684327717278
0.8566661950857183 0.3524518266403141 -0.37669714638587876
-0.8335553959373591 0.2541760350507877 0.490489495412056
-0.9858027400256237 0.16317732475441687 -3.957421438214654e-2
0.31225319675528723 0.8071971133831757 -0.5009298965543707
-0.504859903125048 -0.8476142234319956 -0.1632991318174784
0.9664359885480078 0.2555065678136102 2.679316784823669e-2
6.1299977007767716e-2 -0.5195399185141218 0.8522444402219276
3.381573360536817e-2 0.7094328051512431 -0.7039613562802786
-0.6648781058278059 -0.12648815240145875 0.7361642830869304
-0.12712087239195077 -0.2033276678919841 -0.9708234356832948
0.6306732326720786 0.7417424988933181 0.22818707002467534
-0.7126036150285927 0.5282817611793835 -0.4616432265867118
0.5650926358683054 -0.7785754926262002 0.27292950586054354
0.33539647821097135 -0.8248614161963941 -0.4550965243485787
-0.9337308496896812 -0.3145890109629537 0.170822874695213
-0.3496617888604166 -0.3494721238294301 -0.8692559278354568
-0.14751556169225774 0.9133059409253613 -0.37962009605533004
-0.9740476615461986 -0.22542937482259176 -2.0316249739496126e-2
-0.3779842993856052 0.7490695958721201 -0.5440795989172467
-0.3588543674703852 -0.20690915608807012 -0.9101714915741717
0.7886798156375899 -0.1656312833980614 -0.5920729907416552
0.7134826427572013 0.624818755571739 -0.3170868038408148
-0.34634602107031226 -0.43488781183723196 -0.8312141870806748
5.8278631592255945e-3 -0.28414287588365394 0.958764236971511
-0.963890496865993 -0.2369334958137124 -0.12156326999929908
-0.14873202616794157 -0.8426835669863947 0.5174583947749474
0.7715842935203963 6.0357863098302274e-2 -0.6332571407847192
0.36745259366977195 0.5321774441887743 0.7627357073731775
0.37836739087036214 0.46447496177926134 -0.8006879088671867
0.8618630870503564 7.458320136132413e-2 0.5016267190398912
-0.7499398175612021 -2.7685559233355576e-2 0.6609264557015457
-0.35100323842770675 0.9179616874184194 -0.18477842689337529
-0.7323686619282852 -0.6806635639041456 1.825529508608835e-2
-2.1215034398924613e-2 -0.9393334962635556 -0.34234851410914174
-0.5870770896145033 0.7917879072688617 -0.16855978391229887
0.2919576120652779 0.8165832523580878 0.4979483353977881
-0.6750020447315633 -0.7292161529456684 0.11232115513708046
0.7881208082667618 0.44990236267401257 0.42006363284303416
0.38868828605442335 -0.47169688707651347 -0.7914691800736158
-0.28040056288387627 0.8909728393556794 0.3571315218023803
1.8452202640168842e-2 -0.9516938576247953 0.3064935848871262
0.5656105419481027 8.402664753819082e-2 -0.8203805442236342
0.2763558035701526 -0.22172971849745066 0.9351274788862407
-0.775051586796368 -0.5312561062539547 0.3421432264013404
-0.24139178246904253 -0.50883889933034 -0.8263249856350142
-0.9237598158350474 -0.19131944002504547 -0.33175996521114853
0.3054503383324961 -0.5902683278952822 0.7471836400084462
0.3421621356527146 -0.939408224985558 -2.091075692213922e-2
1.598350035556144e-3 -0.7177838922529528 -0.6962641232315258
0.3739037981115741 -5.599743241851264e-2 0.9257754788933834
0.734963705187862 0.6780931369191227 4.248496170832273e-3
-2.9707301819222456e-2 0.8459790263406719 -0.5323879818424814
0.8273218466624656 0.5596061665475974 -4.8780122969409076e-2
0.6370043767595355 0.39329593418329667 -0.6629809440278686
0.2338939813592186 -0.78688174308183 -0.5710610544315156
0.545710874736225 0.4542572959468745 0.7041661382611761
0.5726992424150136 0.26908849775164656 0.7743429202330396
0.11502642723809699 0.7537461270082351 -0.6470206310906356
0.9244269225811848 0.24411125863169192 0.29299242006634146
0.27029834098195965 0.8641294943413862 0.4245221123471669
-0.4990999130800446 0.6081447205694236 -0.6172999883419971
0.15171402011611837 -0.9097615134487943 -0.3864153785081092
-0.6558084360159715 0.6131204099005247 0.4404527877238354
0.42179945229327104 8.392120070240384e-2 -0.902797017118335
0.8174083787297132 0.5601548489712653 0.13442502578181134
0.2204940046097061 0.8088319275934174 0.5451360443381925
-0.9553918329390833 -0.24065057410823934 0.1712125776182155
-0.8880132521371004 0.23061500379704522 -0.39780546005878203
-0.5038283559378753 0.8441601479651233 -0.1831683169667696
-0.4576118183421222 -0.36862911402900234 -0.8091378127388494
0.7186696724153815 0.42454283763752715 -0.5507061657191107
-0.3816036081852766 0.8923968328984527 0.24084554978821804
0.7866120840108718 -0.5671128019908874 -0.2441812832837882
-0.7254643967094708 0.6803070731153444 -0.10432495088039502
-0.7023862754577928 -0.6846625690498449 0.19465530198429165
-0.23979600016674174 -0.3042464070753196 -0.9219175679450907
0.9975748412446458 2.9108739291723463e-2 6.322276024159475e-2
0.5044543502365946 0.8404752069424444 -0.19780605410965105
-0.2147065973275811 -0.24945368212442465 0.9442848815577736
0.3741828363281156 -0.7274343939664075 0.5751751102683182
0.7292361171639895 -7.749330498159265e-2 0.679859892262088
-0.32440442411448633 0.9401069893522563 -0.10469297104383456
-5.892137896429644e-2 0.9253089361791766 0.37460865410172534
-0.9497794179969234 -0.3128428781572242 6.956344997884229e-3
-5.41364514819459e-2 0.7119604432774568 0.7001296821511784
-0.38888177070965935 -0.46123967287200823 -0.7975142209256477
0.13423205166315996 -0.19997822253973524 0.970561933529307
-0.6427406305440956 -0.6747626152873445 0.36273943107740797
-0.2926748771768605 0.6828636478100736 0.6693568964080592
0.7230422183333554 4.3958150067546005e-2 -0.6894038232779244
-0.15141762869120354 0.9847692137758988 -8.54534804483178e-2
-5.2309528551224255e-2 4.33188033837243e-2 0.9976909313490581
0.7066614493907453 0.134381475224033 -0.6946734593041423
0.785458086377918 0.4672735428349427 0.4058460677523191
0.5167953337191035 0.21841348853151255 0.8277790351740344
-0.3671743766405728 -0.892864430105623 -0.260722240307128
0.3088016095933628 -0.22185042691560486 -0.9248913200965356
-0.961577805877649 -0.13311255138079614 0.24010241962217152
-0.27339165998824805 -0.9573126978009106 9.385839801537532e-2
0.288467242914955 -0.3975703334640523 0.8710479204465886
2.784554017916566e-2 0.8798165999648526 -0.47449697187486567
0.2383749516191343 -0.8692225273225924 0.43316230264821104
-0.16534208514842264 0.48415999308501856 -0.8592153955642825
-0.27785352620993986 0.3564058645297285 0.8920606917141451
-0.6350455794225078 0.5075446273940046 0.5823362973913031
-0.5425911573522911 -0.8319728565692381 0.11582746606536422
-7.139376289762396e-2 0.7733910977421855 -0.6298961347336997
0.15078158588378748 0.5351189721453853 -0.8312115248289309
0.3567023841648984 -5.180511651039264e-2 -0.9327805953354851
-0.71615327107747 0.32840193024508074 -0.6158544182973319
3.148458719569749e-2 0.48225909120992205 -0.8754626717996014
0.2705589942626149 -0.45703092949846924 0.8473019297188975
0.8812305447273378 -0.33698599049147787 -0.33147121934194695
0.8302044795152587 -0.38489683595215035 0.4032554374919475
-0.6992479113390719 7.647929055272693e-2 -0.7107765307074349
-0.7392847408228532 0.6547229181628266 0.15746736937803812
-0.6156035882928583 -0.6163123275351371 -0.4911123466266947
-0.7249301602534902 -0.6659943871870501 -0.1758628414139686
-0.31465773111418593 -0.6931147851702363 -0.6485232508002237
-0.14970228323384163 0.6811039184171979 -0.7167193863091146
-0.5483560437789143 -0.4297801973277214 -0.7173525153201056
9.60091367049684e-2 0.5761815446164283 0.8116631526147984
0.767306656595556 0.27044967526233243 0.581461493045454
0.45023135468801356 -0.8608042785813986 -0.23729248035231548
0.2774947432831465 0.7202786796178093 -0.6357635497087307
0.2462317371523407 0.8465494634204197 -0.471936370288983
-0.8214211806356193 0.5433234290048208 -0.17339808389261055
0.2755677099147685 -0.9545711587478218 -0.11338580219397247
-0.6942384108617743 -0.6842419510572085 -0.22326213583485846
0.17579636640560733 -6.423145432156277e-2 -0.9823288440406921
-0.36537101525846105 0.734201918135448 0.57223383735605
-0.9924575863488182 7.554937501885337e-2 -9.654134468163864e-2
0.35897233463673683 -0.37546075300168086 0.854498733715189
0.2356544972532616 -0.8615872596658075 0.449593540774194
0.6882286534630145 -0.6625592487425687 -0.29556143601317286
-0.1987891826918886 0.8067739137450433 0.5564159531728008
0.5077291099214027 0.46871042583805 0.7228566162449743
0.12211172455152511 -0.9884404328356194 -8.985676080733013e-2
-8.4001133968573e-2 0.41596201961374935 -0.9054940130839323
-0.759223370936349 -0.6500705433709717 3.143503881684512e-2
-0.9386620745299497 -0.3282028103791288 -0.10581316127199358
0.3827050056584873 5.4412739384784746e-3 0.923854572528525
0.5401771423482467 0.8173156775193274 0.20050869847865654
-0.9264751810377272 -0.3747633872697089 -3.458529287493208e-2
0.5112131874603647 -0.8552897577783896 8.450152191527566e-2
0.443966242849425 0.8474407867760716 -0.291098073024399
-0.4652696640222 -0.6264266896328303 -0.6253908715805844
-0.6784573368713451 0.5721766580767749 -0.46077056546348044
0.24630718524886874 0.7315233497987963 -0.6357722541869276
5.7499020660197665e-2 -0.7553134448056682 -0.6528364747154628
0.4124115580910979 0.7714676212325807 0.48451461912166943
0.2147123582534072 -0.7870855523949438 -0.5782689135898685
-0.5386734397001497 -0.8379455831506933 8.76249110690201e-2
-0.5694522279186134 0.7061753502496761 -0.42076185047871795
0.1325765533887917 -0.6157431992956949 -0.7767134413750357
-0.8857371730405039 -0.10242014717188543 0.4527469201965993
-0.7076276851078218 -0.4051451205825384 -0.5788959237523668
-0.984591118936424 3.7637446657776005e-2 0.17077397670782113
0.2804064287426702 0.23541657547678696 -0.930565027663604
-0.30994874862052074 -0.9449624853962308 -0.10477439774272862
-0.4272190999838944 5.3079041537173716e-2 0.9025887523996996
0.10546755977304614 0.5045096500967966 0.8569402585914183
-0.3076292578573171 0.835899400171571 0.45457280220330376
0.4971156025195487 -0.14898974774367538 0.8547971296155024
0.89060309124987 0.11507699043414996 0.43998115883386896
-0.4641738290269735 -0.8836676697409079 -6.061440341298165e-2
0.3684205180628486 0.7926325983026994 -0.4857981947045643
-1.3824126645876045e-3 -0.7716616062980796 -0.6360318029003679
-0.8546541615013337 -0.17208379807978164 -0.48985041662418677
-0.8303918012361258 0.5571395721896056 -6.7047401296256364e-3
-0.17645486095874538 0.17812771189667995 -0.9680569199682854
0.4365041292612201 -0.7905820441382465 0.42946964575403435
0.8316640116263868 -0.3806555588342113 0.4042725779645701
-0.15719083647316412 -0.8071537067879614 -0.5690289399910345
0.9583615157502333 -0.16856206691274986 -0.23049953302993242
0.9431304664810792 0.14051686898318055 -0.3012638921715402
-0.7092506264970975 0.6393671951949146 -0.2969396210041074
-0.8561198622285989 0.21761559005703862 -0.46872405150772006
-0.90137327346639 0.4275361340240973 6.884094700259287e-2
0.3699343056026564 0.7049377338268124 0.6051540307767922
-0.1103098262339054 0.42791942141692196 -0.8970600375729889
-2.9820837838476968e-2 -0.9212057847041272 -0.3879312050586604
0.22013619675791835 0.9597026558716107 -0.17467360186913103
0.6551747327400619 -0.7465890967451233 -0.11554561956339757
-0.525736279802702 0.6567007514738544 0.5406898252352172
-0.3269198371195408 -0.32720792256453207 0.8865993432823736
-0.44201711285718803 -0.15959497353176688 0.8826949169247496
0.40567445541918024 -0.15462689018542186 0.900843360996759
0.14247985309316283 0.9745646867487512 0.1729831286711491
-7.641071330698708e-2 0.891420241445518 0.4466893283179394
0.6884392099396343 -0.6837421325609592 0.2419672506325678
7.396363364390794e-2 -0.9622925172540922 -0.26176801205451455
0.6388399241509262 -0.24514785396539832 0.7292366426661503
0.3206706255938876 -0.9177823547935294 0.23419201333706663
-8.498720709096044e-2 -0.46316048400633303 0.882190195301386
-0.1316661069970755 -0.47983049922857507 0.867425344498471
0.41137947485590276 -0.395245443306053 -0.8213086917919981
-5.802583936199307e-3 0.41501616882048986 -0.9097955317747093
-0.7682830151631491 -0.32030189594134056 -0.5542092601790437
0.3658620969833012 -0.24566167255392773 -0.8976609987233423
0.9481825925524968 3.971215177973436e-2 0.3152343829303033
-0.2672938147310994 -0.24113055856222498 0.9329577001847222
0.9610285516742436 -3.535615089877565e-2 0.2741788931710988
0.9893556386884026 -0.1104573338010163 9.473435282427399e-2
-0.24428340058733658 -0.6325121338126931 -0.7350197417601793
0.4895790937009203 -0.18963896420325707 0.8510871719553181
-0.36860453721875097 0.9188393348865448 0.1409431509758538
-0.8302950596489477 4.719886009894519e-2 0.555321872005696
0.2612993559995702 -0.5627212831617677 -0.7842623311309701
9.269486984979834e-2 -0.5154838071149426 -0.8518709442784239
9.333017964410528e-2 -0.9779054589886329 -0.18705718603632998
4.644097023043776e-2 -0.9468735314428592 0.31823537159936244
0.5068482805654194 0.45625686407369503 0.7313921618895813
-0.5504036820350808 0.7808362669184907 0.2955511987237086
0.65653744010605 -0.7541680563893127 1.3752543799645507e-2
8.048300278337292e-2 0.11068675540158916 0.9905912014759874
-0.5909684708379035 -0.8016690097384117 -8.990586911066689e-2
0.11357887662788159 -0.8348954435825904 0.5385623799236054
-0.274920146540503 -0.1149705843110692 0.9545683201161244
-0.7647486543831747 0.1868272365911613 -0.6166482622101791
0.7745953983816308 0.6193989251210767 -0.12785515384550378
0.5237150279517714 -0.8460121408239898 -9.993011095703393e-2
-0.10329215540218882 0.9863558681443185 -0.12819060811790287
-0.821144941018897 0.5345766555165741 -0.199871922029549
0.7902654040864602 0.4152091493745478 0.45064615096517613
-0.37268363030720886 0.6817678964476095 0.6295231902594545
-0.5842401474708032 0.7965436381810647 0.15550460622299064
0.6020568655159471 1.0260975344082829e-2 -0.7983872763703721
-0.8967747989146881 -0.2599716981217801 -0.35806378790265664
7.844180724524284e-2 -0.8263272070402773 -0.5577008425501212
-0.8724724853212081 -0.4417380948806345 -0.20894788318779808
-0.6425085579885912 -0.34385814501941714 -0.6847951000227928
-4.501406222787681e-2 0.21565844824088123 -0.9754307601793579
0.1412776096146483 -0.6885998061656088 0.7112460502317444
0.7576378173382339 0.41983976695595404 -0.49971942910129796
0.14505586959438677 0.6812343601662626 -0.7175503753919156
-0.8154644343891975 -0.5599866700675387 0.1463990628145414
-0.9578419089611289 0.2788081047054829 6.931751718171293e-2
-0.7247110066555627 -0.6799749357259481 0.11148113569915613
0.9939178015583412 -1.1077359373446215e-2 -0.10956594295101563
0.42581775036591646 0.6571745826902827 0.6219331244910202
-0.7453044904566023 0.4480336970462396 -0.49374793449320137
0.5363520788047629 0.18363008942206063 -0.8237757205821591
0.12433566477677939 0.7208646565424547 -0.6818319363394802
0.7202817992961711 -0.6926241201322242 -3.828782853247843e-2
0.9408948083136066 -0.3053892844751526 0.14647301668312715
-0.6282549352560417 -0.30615324948577644 0.7152383687664741
0.12257383388268793 0.6649703822162945 -0.7367428628920775
-0.8830315446404716 -3.1123967505660415e-2 -0.46828046063931517
-0.33148248503177763 0.9209319741337878 -0.20494794737982067
0.6817922665016238 -0.7233469763662151 -0.10921747625921806
0.490350431364044 0.4826142095869016 0.7256996480403626
-0.7639593298216211 0.2411511589657168 -0.5985083632732219
0.7084347043496914 -0.6984690526541911 0.1012978388581026
-0.7802257368050389 0.4987988374927779 0.37742220303380086
0.9730728819702458 0.20423545878817234 -0.10685056737193717
0.12950891517262889 0.9016557531116618 -0.4126067665119547
-4.994794734307417e-2 -0.36047337959491305 0.9314312347992391
0.5198287878659781 -0.7928194031974042 0.31814371786898404
0.3237197204055759 0.8607326384516797 -0.3928674938507205
8.12981352058346e-2 0.20509564394991994 -0.9753596208808428
2.1960697824828006e-2 -0.6161387751149252 0.787331402619587
0.25356376738740977 0.7674419888709831 -0.5888448094243961
0.4216171171169117 -0.8288142364005776 -0.3678395956035074
-0.4071182429728591 -0.6634496940172823 0.6277652744036313
0.15239032560449667 0.8074802273099893 -0.5698709250045694
-0.8327803796354178 0.5144399777124411 0.20451980008183182
-0.7793506324816784 0.6156268543041696 -0.11668833664921503
0.5903567361730518 -0.4679446858157418 0.6576524120475105
-6.917038444474466e-2 -0.925628500670934 0.3720582436412943
0.43305806670982605 0.606889393645719 0.6664427767917358
0.7544819664910044 0.5993955195221163 -0.2673611292179157
0.12287338549032722 -0.43817586442522727 -0.8904515949636737
0.5359545993523251 -0.5581404337215836 -0.6334287044949661
-0.1640292996357517 -0.6859980609920794 -0.7088730839692761
0.2854670996259742 0.8081201507332272 -0.5152187467571812
0.7735267402489171 -0.624256688672553 0.10936164212128331
-0.13047885662493272 -0.514928734763885 0.8472447498145472
0.3523772950747312 -0.11263310301220117 -0.9290554483030917
0.9074878694036003 -0.17450865743238655 0.3821158140753403
-0.4477680656488419 -0.2853781697570636 -0.847386015704297
8.441240956991668e-2 -0.513767267948371 0.8537667945612943
0.8636019732472918 7.823217578267555e-2 -0.49806762440023367
0.1885970569274481 -0.6947317108736052 -0.6941030183084772
-0.6824960317452613 -0.7005844049462668 0.2082802395765298
-0.10931911104729075 -0.5695001746800951 -0.8146894396020924
0.3120910182740537 -8.784368866289004e-2 -0.9459823902561619
-0.6830102497212058 -0.7303978064439448 4.005386079971949e-3
-0.45048362810887044 -0.8794101985131916 0.15395519983702377
0.35353111135527077 -0.9179485585908047 -0.17996165448497894
-0.2120094925485707 -0.8967091016374066 0.38854184087422666
-0.594929099135781 -0.5672684240478052 -0.5694435020963955
9.70968552786734e-3 -0.4991019634737606 0.8664888643621376
0.6450218426161707 0.7632218571107157 -3.7937044910091935e-2
-6.2412584636287634e-2 -0.7751815037763009 0.6286479980737478
-3.9607314921018766e-2 0.992069903772678 -0.11928355558590968
-0.5260580848627672 -0.5145705568625406 0.6771115368686997
0.33914909202553845 0.7710960893136236 0.5388772721348425
0.1351774408521753 0.7109736452091769 0.6901040032506927
0.2754694823168922 0.5257865990154216 0.8047763767705036
0.9399865625590863 -0.25111076816964756 -0.23101654554945308
0.8203576397815454 0.3304655693312157 0.4666967434412283
0.14932707708279047 -0.8204062038612402 0.5519375732054301
-0.9844136537633843 -0.15682761342083118 -7.959182089228825e-2
-0.11887239085423804 9.2653547537599e-2 0.988577096043245
-0.7963443946049686 0.575262792172494 -0.18683769727534116
0.494572943910762 -0.5213397015820046 0.6954153569672075
-9.847451280875705e-2 -0.9540935593016807 -0.28285729692926104
0.5731524093652133 0.7968976472766166 0.19092002358014754
0.6706681452726386 0.5240233385807946 -0.5249797896483223
-0.9259770225508883 -0.3308481892572375 0.18195062344767768
0.1116347336564357 0.6124445861771706 -0.7825914100625759
-0.7119185639504795 0.6234018797648229 -0.32332963768942147
-0.13132860522036074 5.914690928387686e-2 -0.9895728576375968
5.139140913903282e-2 0.9986766514918166 1.9669346194076814e-3
-0.4871047937738585 -0.7618206358465885 -0.4270342359586951
0.5765328096238879 0.14850481033275076 -0.8034651459367852
0.19573026998097678 2.819174665311066e-2 -0.9802524607639711
0.15898880220822828 -0.8991163628063915 0.40781408375165046
0.1495238306686029 0.9685903208168467 0.19868420793335562
-0.3338059167392533 0.8128660615403763 0.4773074228898015
0.4257222420317818 0.8920522051269247 0.15166883650778037
0.29129627739147135 0.24257057595742415 0.925368031897339
-0.5285611174447288 -0.7263301192146815 -0.439394700749982
0.4727308272646843 -0.814706889124427 0.33582473072548696
-0.5807376980122272 -0.5199877940065665 -0.6263836046638225
0.26263390001886305 0.7425576440776487 -0.6161424995751662
0.5163590354182985 -0.5520649874481843 0.6546736562408177
-0.3987729988146599 -0.18675236112350277 -0.8978327522602192
0.6094570835316985 -0.48614269320200465 -0.6262805642675956
0.957753197522837 -0.28682280261896126 2.1011723693831637e-2
0.6609464255700872 0.7501664982277808 2.0001186534658367e-2
-0.3335616095830407 -9.964738367045345e-2 -0.9374470926617696
-0.9974668705696551 -6.728620324924053e-2 -2.3073988998020198e-2
0.8567544434423764 -8.481073857253532e-2 0.5087032162907219
0.18594667394249606 -0.960893184562614 -0.20520263719270596
0.8229685707180248 -0.5460912277470135 0.1565474451662846
-0.531197929670032 -0.41835292951469 0.7367561237483871
-0.5280037397257831 0.32219226286105995 -0.7857507216592658
0.7538808277223465 0.651534650441034 8.465398317474047e-2
-0.3882336181225723 -0.6696727735606334 -0.6330979656507083
0.4313224575089636 -0.24487734585584692 0.868329443895014
-0.24807327818383584 -0.9587742124896733 0.13860612582397572
-0.39659248671983366 0.8056694043483069 0.44001273887743647
0.3099292983131754 -0.6888586225071066 0.655299647676324
0.6594691713133416 0.4748443153909042 -0.5827720722788953
-0.19217601907837165 -0.3293080286924414 0.924459085049137
0.38437797485512637 -0.8178709789008038 -0.4281829449173713
0.342476221913237 -2.0631967576345573e-2 0.9392999304471197
-0.18458369084644563 0.519047188612826 -0.8345770647858862
-0.12498729621893445 -0.9810480753954732 0.1480636672067732
-0.2824893180128331 -0.9424889415023162 0.17864596372291205
0.7757372094656545 0.20165019663325984 -0.5979707183869514
-0.606255339728024 -0.20148172157569488 -0.7693241052522353
-0.9889859408296738 -0.14749198687009415 1.2366189807570541e-2
0.10825559718249683 0.8847358046101479 -0.4533467565997304
0.9339692210893876 -0.21192568039046564 -0.2877307770272774
-7.325746579510854e-2 -0.3597791344999988 0.9301571469830838
-0.3880121212206622 -0.7466464207372895 0.5403385199909745
-0.4070702167755922 -0.8502787726937807 -0.33364629073411006
-0.35859280779244823 -0.40240575544360613 0.842306836126473
-0.3350527950638464 -0.4592411788409238 -0.8227011390393858
0.7179533717524603 -0.6136452013212664 0.32860694284305053
0.5423981320347455 0.7262674032512796 -0.42230312021090033
-0.2712449619887004 3.382307862946016e-2 -0.9619158850688421
2.3708939220608025e-3 -0.9861756437576052 0.16568638604690217
0.45885469020733266 -0.8682700286735882 -0.18857234840214304
-0.13955002062565117 0.21753446079633118 -0.9660251291293771
-9.65304559704044e-2 0.9951619306953187 -1.8292150363247977e-2
0.7504885048574115 -0.2851394638704192 -0.5962067512369992
-0.45047415208171615 0.6699932753706466 -0.5900695291780215
-0.47979237302768196 0.7506307607645026 -0.454260651805293
-6.340810525009981e-2 2.736240575872047e-3 -0.9979839303195734
2.7051214352971396e-2 0.4943555370131355 0.8688387852913129
0.8051044190167813 -5.365870040331537e-2 -0.5907009550954513
0.4690390331412661 0.6520038003048746 -0.5957293259341087
-0.18025122196129334 0.9729321284923519 0.1446117918041342
-0.8400519530271465 0.22756990080315506 -0.49246792429935865
0.44896548449237944 0.10282678841750292 -0.8876128915908472
-0.4039988546756128 8.852318298084913e-2 0.9104661286921838
-0.25836441850370057 -0.830666985581932 0.49319386281205
0.4719872816590802 0.3044126001878602 0.8273820005287389
0.41532039242710905 -0.2560785985401181 -0.8728875775286994
0.9603831050100042 2.388191010832083e-2 0.2776579658157158
-0.4349290366907797 0.7237016481601678 0.535810281250264
0.1567628676516699 -5.17534100268019e-2 -0.9862793660399789
-0.48629949621936763 -0.4667556227971132 -0.7386826033988266
0.8493251330352758 0.5163963388498486 -0.1094606761219918
-0.5724403995255712 -0.3965567615271853 -0.7176731316400772
-0.576325104450822 6.130734363672288e-2 0.8149176544878372
-0.9527607898108527 4.728073064323909e-3 -0.30368490697448
-0.505241860534919 -0.7694886350491584 -0.3906634138147525
-0.9870547277456658 -0.14852113314384047 6.053459708793793e-2
-0.47900153418967184 0.7643590147255932 0.4316396956393851
-0.2805548144947985 0.1989995602937351 0.9389825190421222
0.20581062309789447 0.11426856434366024 0.9718974650768955
0.9822959896428719 -0.12330450086047047 0.14103399873463515
0.7108710701676436 -0.11850843639955967 -0.6932662346464312
0.3807558501619631 -0.6671527990019808 -0.6402594203533934
0.9891622898790327 0.14554126489535443 1.9383098150935085e-2
-0.7180275233571805 0.1370204376598008 0.6823942228397528
0.4693581294601021 -0.8732416762673854 0.13096534327615456
0.9972822934683812 -6.346836681260472e-2 -3.741381494296516e-2
0.4149413243135432 0.5686375491116521 0.7102640601334242
-0.6136327460604001 0.671150826509676 0.4159464160655208
0.23458497463543243 -0.17392396516171335 0.956410133790792
-9.822979206412889e-2 0.5871293747681771 0.8035110486081491
-0.45522751336662054 -0.8353359086678405 -0.30819122434637336
0.8393727011697768 0.5288173995400456 0.12572042982211112
-0.9781074552456686 -4.1536300138055836e-2 0.20391307403813935
-0.7567543164251919 6.22925725169567e-2 -0.6507246268438441
-0.3475727072938433 0.8466346476238187 0.4029925391211614
-0.282102280234317 0.4223413975341733 0.8614209467011353
0.6671901627821005 0.6806438757735476 0.3026238606897312
0.6097051786680021 -0.6456004812610001 0.4598473808786831
0.4647300838115094 -0.8519344481167499 0.24131648371496764
-0.28609823477146207 -0.4360750182574275 0.8532211779558907
0.49824237010634687 -0.22782666839552237 0.8365701105099361
-0.9792470894690422 0.16801062868516622 -0.11334710589699686
-0.9305050051492537 0.3300465661188974 -0.1588385960190771
0.4478433852525597 -0.44204168031349345 -0.7771971790679316
-0.9514470882573555 0.1741053578191383 -0.253842003272252
-0.12711340069814203 -0.583008851946629 -0.8024605048940585
4.600063137778699e-2 -0.4697896123952332 -0.8815790730265672
-0.8357058338784445 -0.5489754296108738 -1.4890832921305953e-2
0.38865472578851856 -0.700118988903387 0.5989832263921506
-0.7844100862904105 -0.6098000423856595 -0.11333457033190915
-0.14933824462131315 0.8874935665975806 -0.43595098112211034
0.8540918897019405 0.49020431391701885 0.17385849005013537
0.5238143459836313 0.3228171284967506 0.7882941281595677
0.6469206009446332 -0.5862429758043366 0.4876606498309154
0.191203098784441 -6.801472046317966e-2 0.9791911829747768
0.8447637050103012 -1.7114041940645445e-3 0.5351367617655822
0.8687393741730808 0.217445047605418 0.44498264127181586
0.8703275521780542 -0.4905897751270902 -4.3030506161411596e-2
0.6332140070880111 0.19177646850918822 -0.7498411880883102
0.5181532904563627 -0.5641248969532346 0.6428687799440462
0.21912181103766598 -0.6957496080120402 -0.6840454041060914
0.32514279305017446 -0.5278470734446201 -0.7846398098385534
-4.9547385664336925e-2 -0.631746117758528 0.773590265754978
-0.8037109605827601 -0.4372782144766397 0.4035299926687716
-8.768309544950582e-2 0.9854984796783569 0.14527360849115006
-0.540477739658984 -0.6754521917355288 0.5016454421329728
-0.6041886795583455 -0.4996880180668294 -0.6206995441386974
0.2412451469706061 -4.905340679462669e-2 0.969223680243612
0.2824981160180553 -0.4543278142913006 0.844855639507448
-0.3929799457359094 1.6865497041384014e-2 -0.9193923630632075
0.20948724522773804 -0.8313854196017761 -0.5146973656047523
2.975520774370009e-2 -0.975160935943323 -0.21948980983697552
-0.1771409881536147 -0.8777049028742918 0.44525854712334373
0.33540038642306935 -0.10084291741437776 0.9366628458493551
0.1981567120857401 0.3585048629048791 -0.9122544495528224
-0.9705884763023694 0.21017070718821243 0.117415005468005
0.8577064643148481 -0.2849235211630299 -0.4279698682858205
0.9249268976350161 0.10815553265091865 -0.36443465091599114
0.55017648958978 0.7657710449233968 -0.3330173224617537
-1.8974933299466177e-2 -0.32337364280534486 0.946081095385106
-6.37598330211979e-2 -0.40552935933677026 -0.9118555929581271
-0.22906744350114136 -0.9560268397869738 0.18314144242847794
0.9759058890912128 -0.15955998317460876 0.14882307417335536
0.4754848555997106 -0.8104141739476837 -0.3422616232650337
0.9142098796915794 0.3950054427656223 9.050412178372115e-2
-0.9162170591845469 0.3899426516277288 -9.214677911222072e-2
0.659083875937684 -0.5585648549429157 -0.503600781672903
0.932318955893793 -0.20024681960123453 -0.30113547735313134
-0.19614306566951573 0.8944510063897096 0.4018523297906827
-0.8479001455340316 0.3771933267176733 0.37254602062432873
0.20017616751489345 -0.8718118650874271 -0.4470722244244559
-0.9267985534328 -0.34826452227640453 -0.1405569773382199
-0.20618974964706926 -0.9247691679584435 0.31982459744980046
0.2952099555531511 -0.8527224769075653 0.43094716557709645
-0.7468483192117293 -0.5557659400378594 0.365159975879681
0.6294035035787292 0.6338764001422071 -0.44950187877869546
0.6849584368709599 -0.6053332421761537 0.40546714500166003
0.9327059538366427 8.996217899151762e-2 -0.3492368967173668
-0.9362240366117328 0.14476919565720742 -0.3201974910257699
0.6763377640484085 -0.7191137393917694 -0.15950755073032064
-0.5177642951979798 0.3505458836639355 0.7804086865639117
0.838339324400144 -0.5440442064135603 3.4685423914800353e-2
-0.43471296493236633 0.40960729133638873 0.8020264989411372
-0.1024890419976205 -0.2136962645410406 -0.9715090852851638
-0.62099833192371 -0.32107981344717423 0.7150306462975538
-0.9614990458950695 -7.479042469141273e-2 -0.2644352040053468
0.9796360660523968 -0.15825700068404006 0.12356334336637091
0.3734577767475752 0.9275847325568632 1.0763499160159272e-2
0.8731051350694051 -0.3057164024838084 0.37976954112697614
-0.8204262580587496 0.2238458764065985 0.5261119450302187
-0.20663890829160392 0.8613493029260397 0.4640880734611477
-0.9814745385036199 -0.1299788650626543 0.14075945760811454
-0.40957765677058744 -0.5467203228194512 0.7303033833212811
-0.8966377501725146 -9.389371706239136e-2 0.4326947132353004
0.5698090853598033 0.4410187166943891 -0.6934119250248431
-0.8415403888331261 0.5170845616667061 -0.1563116439953894
0.7061893622222358 9.614092038057646e-2 -0.7014652579511885
0.9951888046889799 5.99614177018422e-2 -7.748465273139377e-2
0.4629936754448772 -0.7102316452717063 -0.5302903606069875
0.2895337671398186 -0.6100726521976381 0.7375510536406038
-0.7923916350340395 -0.18356430090368406 -0.581738467149821
-0.8190635953340467 -1.801248529608276e-2 -0.5734198960377319
0.3420973373525707 0.84894092185768 0.40282592142476864
-0.5201408397996222 -0.3495267601838483 -0.7792846403516024
0.7773858232853502 -0.3190354385722645 0.5421140753475795
6.139022641717538e-2 0.2622229487061583 0.9630526285059895
0.8173899976159338 -5.54763657059499e-2 0.5734073287336703
-0.9354091288393519 0.3521952883427788 -3.111656396762949e-2
0.695471562116536 0.5391647181438141 0.47499548734286584
1.3968061813850694e-2 -6.05867252117337e-2 0.9980651992616927
0.21238008803720246 0.5330277798762775 -0.8190092087916209
-0.5155343949554841 -0.5242132769289652 0.6778087694248864
-0.3083468407559497 -0.9061438796602517 0.28952632894106944
0.13713701876399811 -0.9376773363683534 0.3193033838619198
0.41099406431996416 0.7808001946402143 -0.47056873583309866
-0.1947039593242378 -6.866928856654392e-2 -0.9784553628200063
-0.5042406226803361 -0.8392457470213531 0.20348948509816908
0.3269845868461474 -0.8901672586711182 -0.3173063686013893
0.22984519974597298 0.14079975245674273 0.9629883768051688
-0.8361901323571281 0.5292422525821434 -0.1438356723151359
-0.8360718195794256 0.26479188807466514 -0.4804884686597615
0.6755000020161759 -0.7212351497296893 -0.1533610317862364
-0.40219173234889916 -0.8154315851917336 -0.4163089481405461
-0.924784025250029 8.240578115415534e-2 0.3714616990683254
-0.29312241966249264 -0.19153812199272013 0.9366922626533793
0.45065932373928536 -0.8427612492853198 0.2943801124904617
0.16128793349747084 -0.5861515956788058 0.7939852072874565
-0.5717570771291036 -6.166789027533209e-2 0.8181020205706462
0.1198513707148063 -0.5320365371044957 -0.8381961417971563
0.5742493774158243 0.47217978952239675 -0.6687928669656423
0.7660800811700447 0.22389558381374752 -0.6024882378795448
0.3929305189490606 -0.4498559297405771 0.8020194821546811
0.7155096845024087 -0.6623051610689035 -0.2222560797925612
0.29697407999895337 3.208166501691273e-2 0.9543464583569836
0.31509741646838085 -2.6265381479896436e-2 0.9486958141947646
0.5318232185183591 -0.846076320411995 3.631699716211146e-2
0.4509872831774788 0.39119960651620495 0.8022302277237894
0.7974838710911801 0.14367971187049883 0.5859826070338918
-0.5330077268787746 -0.8370201521342583 -0.12369328198679441
-0.35977925506989644 -0.15824918459822365 0.9195194849459949
-0.29997417533713133 0.9226937725224987 0.24218112287915308
-0.7416584833886711 7.858943523283549e-2 0.6661579352431375
-0.8957820219315094 4.753219969002805e-2 0.441944859882909
0.9583275823550228 -3.664910054168037e-2 -0.28331093930002554
-0.2679220032529164 0.40485749697610685 -0.8742472232241781
0.16170214114531975 0.9788516374930587 -0.12530717986682488
0.13187524693478433 -0.9458909492977559 0.2964780451947157
0.48983270730583917 0.7293772070278413 -0.47756968991100945
0.809945325057949 -0.4743555640123174 0.34492806396019665
-0.7452287248462993 0.12545820209550168 -0.6549002879759047
0.8059765950911425 -0.5176839929657234 -0.2870627311100367
0.7924333385791603 0.362128927220365 -0.4908279168695618
-0.8165893637825964 0.4697999160578184 0.33536524839225856
-0.945890231610967 -0.2871366848518884 0.15114295866899846
-8.063580725600081e-2 -0.9810691580129768 -0.1760715019072704
-0.5335725533257467 -0.7446740074261607 0.40095006297705627
0.7904269196888511 -0.6063528909054005 8.69566347201748e-2
-0.26482739443493664 -0.37645552103438656 -0.88777682546884
-0.6638769310853767 0.44696064559752285 -0.5995778528762613
0.7620250485263121 -0.5308984096435938 0.37076232825945876
0.8626473174016801 -0.482204666281941 -0.1527031944512194
-7.170476737011738e-2 0.7913537701754021 0.6071388941301441
-0.2998777416826061 0.2241745646473154 -0.9272643121616009
0.9859494146964884 -1.0956540998218072e-3 -0.16704056753299587
-0.21689742997193825 0.1674547044056465 0.9617247146891805
0.7732058143531193 -0.1706708254866075 -0.6107571022740953
2.3811063501267354e-2 -0.4960055409519482 0.8679928205923733
-0.2477518635757881 4.244797954117028e-2 0.9678931672078259
-0.7273818308013253 0.56501271347489 0.3894564235339482
-3.810504428371351e-2 0.5495393101239692 0.8345984377103808
-0.6149626007618255 0.3834058808371537 0.6890725144741574
-0.9946333632220803 7.987324614711551e-2 6.576273500589472e-2
0.7074818161016915 0.45579135292108214 -0.5401145457102798
-0.4941332922281055 0.7862699541710992 -0.3709607104257689
-0.12242049873783951 -0.6369614363236291 0.7611132308174113
-0.8958778887569576 -0.2346635679212382 0.3772741951510212
-0.579540336231134 -0.8061473420354227 0.11941298761159681
0.2261519029033354 0.43247005737824107 0.87282585106335
-0.413937956172813 0.9101683478039452 1.57780573997932e-2
0.7406238848163392 -0.2979728557348398 -0.6022361982517975
-2.8670958002066583e-2 0.7295141002916993 0.6833645832517488
0.39191641166986385 0.7091117525696443 0.5861416625965308
0.7662940974356424 0.36276221506337203 -0.5302800501222067
0.967081317548302 -0.12429296524964918 0.22204725631831168
-0.1616694726125001 -0.6323908025917481 -0.7575914825435676
-0.1356892064842148 0.7009362862477232 0.700197659139856
-0.5589929414678059 -0.6297999992250344 -0.5393318573617888
-0.3933662839454764 1.6160644284443564e-2 0.9192397947386952
-0.42710598362943936 -0.5416548579369217 0.7240100093377593
0.3505069098928956 0.4576212978333007 -0.8171460419574331
-0.7519459670646153 0.48297556313967294 -0.448677911229399
0.6940679723362918 -0.4779264262375578 0.5383827457123647
-9.994683338723823e-2 0.9725510122623726 -0.21013129001483338
-3.0904487866734675e-2 -0.9715395393375507 0.23485279673334683
-0.12300226872770988 0.5054349759565904 0.8540526488265212
0.8228402595969878 -0.2179804894989139 -0.5248032139613624
0.8803355958256484 -0.4616142025794495 -0.10918592720327817
0.1828158375500379 0.9464442232087139 0.26612347114775914
0.5129973740886544 -0.8569003464735832 -5.055185843862047e-2
-0.5143195094941696 0.6523391822449759 0.5567127028024716
-0.43148699945770247 0.898311989903872 -8.279213787513061e-2
0.9054091834426686 -0.11895200597909952 -0.40753482159347854
-0.28321948621592963 7.081357736089777e-2 -0.9564372221368933
0.4012258862113443 -0.8596473370624147 0.3162660970060192
-0.18644248290025592 0.8632441795762562 0.46909347362514436
-0.20742844598083787 0.842133336183443 0.4977799552879954
6.574474538386402e-2 0.891065961743165 0.4490869406664364
0.9049430877903057 0.42431134192761827 -3.221634634980827e-2
0.4521598049744942 -0.7363786786817401 -0.5032871470128778
-0.44342311036296944 0.1419619931044909 -0.8849987218690377
-0.320638633434718 -0.23633050435156822 -0.917245201384041
0.4805915630968637 0.5894748902422736 0.6492696691313808
-0.1711039694267423 -4.697992606624617e-2 -0.9841322666152261
-1.5143075049459396e-2 0.3194905738516834 -0.9474684482862574
-0.6276365731360101 -0.13752974369702434 -0.7662622929915818
4.061894819990357e-2 -0.509334156546336 -0.859609689348815
8.793070494732205e-2 0.8079021099553845 0.5827198056159624
0.7192158126842096 0.6937027102748281 -3.87964501256187e-2
-0.8778853735012381 -0.47863157367664555 1.5135642451167278e-2
-0.3433909606970463 -0.22758495941769896 -0.9112012589754274
5.519097067434535e-2 -0.927700985101822 0.36922193731837327
0.8633497132434241 -0.4855205413539832 0.13746663801021872
0.8023795371903356 -0.515261773883469 -0.3011517602018682
-0.5006855312127184 0.8637791534944146 5.6564766619430246e-2
0.7743294935979641 0.35721113283385153 0.5223160364414222
0.9047971691708157 -9.575092549605861e-3 0.4257351292331238
5.782153522865019e-2 0.8061827059264725 0.5888345393477465
0.9782683818363641 0.16937288018703894 0.11959849729996024
0.48854889529541384 -0.863213152934114 -0.1272125367531697
2.968040820445163e-2 -0.9960202961594253 8.403953240771747e-2
0.9048325036167739 -1.625042018247377e-3 -0.42576460589983256
-0.925852613272269 0.2936452936223618 0.23784318369536492
-0.2590261561683879 0.8040315604923151 -0.5351996825045047
0.3165566533139202 -0.9329886401122354 0.1712427594504722
0.3588326413476997 0.8164348732967218 -0.45240825939454166
-0.35581658249766057 -0.8596517913740693 0.36659699563286
-0.7865945487482324 -0.4462851945706314 0.42673005634313876
0.5243132511023151 -0.8375319266083963 0.15373967162105096
-0.7787133786853979 -0.5770723108126452 -0.24615649889800975
-0.5082830581903501 -0.7683370850293982 -0.3889813061384726
-7.894506940474656e-3 -0.4114335766133114 0.9114055567064232
0.9765490769678709 0.15760959277424136 -0.14666668516993678
-0.8006499165840596 0.5983868452417532 -2.9881340591754478e-2
-0.7291625926867213 0.3902490495395486 -0.5621633150249646
-0.9756432486378384 1.3865664702608391e-2 0.21892463253311617
0.7855105233843308 -0.5302931629126316 -0.31900216146695937
0.30318147376456434 0.585085332067363 0.7521676330217688
0.6776204884706944 0.7287294326621931 -9.891353586125426e-2
-0.6902672597340634 -0.6486436501052316 -0.32061273417846137
9.789625960964718e-2 -0.14804331637350376 -0.9841237213031577
0.5048585675856636 -0.7500773934154571 0.42720221280141496
0.26933945363627926 0.13803864195021462 0.9531010397872048
0.4707959409872702 -4.431336591170819e-2 -0.8811285420138687
-0.5836503820955906 -0.5183202987160594 0.6250570369322834
0.17072172097078392 0.4848053208278926 -0.8577982833310742
0.13142670765878436 -0.16770891240186578 0.9770367143638747
0.6037995068110743 -8.227795906750046e-2 -0.7928786117851775
-0.6025406830158928 0.42711913528681106 -0.6741765121854871
-0.8234127985048215 5.452203399128503e-2 -0.5648174139205618
-0.3002931277618389 0.24128052025185762 -0.9228259575705512
0.5760340587786427 0.6770570656011661 -0.45801582182992495
6.715440299013933e-2 0.9848019592269084 -0.16017299167425475
-0.22906506277182553 -0.2812760298471724 0.9318867914348568
-0.5455855155752107 0.33362424717327055 0.7687856052844642
0.8123826760186977 0.11705742753634599 0.5712547123335374
-0.9953657171473603 9.601947997598673e-2 5.229588211517359e-3
0.5178764969196867 0.5098151893113467 -0.6869442529679024
-0.5249310669627817 -0.6337459762552011 -0.5681667119056321
-0.8341608670786687 -0.3882612971755185 -0.3916999016468441
0.2423220316843852 -0.6800858152716952 0.6919272482180374
0.46087590899875996 -0.3745596090435162 -0.804548628597262
0.3869694855518696 0.8492356229701157 -0.35924013407507926
0.7087491073375688 -0.6325308073466753 -0.31237714481946766
0.5096318308339427 0.1702921477238717 0.8433717931164373
-0.8755107148240522 -0.1537136261453457 0.45809727063749905
-0.22409921579439376 -0.1945998796597086 -0.9549400129415275
-0.7969093301227632 -0.5421856730388287 -0.266402356436127
0.6991972212169083 0.22845972418836685 -0.6774432819552713
0.22311696090392688 -0.9303452408415357 -0.29099236175628457
0.7347747786468513 -0.6464317926110726 -0.20550416581204786
6.906550218962306e-3 0.6645187933401178 0.7472396354997952
0.18481502388272902 -0.6197772311765114 -0.7627054416105888
-0.8892448347912033 -0.3716471572230046 -0.2666871094095565
-0.9582517105697242 0.27954947900578914 -6.004788071022371e-2
0.47173423712152845 0.7756323624368926 -0.41935813795362825
-0.6235828564151151 -0.1165122484269279 0.7730260779247151
0.9768190757633373 0.1901011576656418 -9.841769698099287e-2
0.7157022233712498 -0.17604912251816648 0.6758528197189335
0.3416662146750974 -0.3333374923684165 -0.8787208395907805
0.212166198297838 0.7716749914891787 -0.5995858669198418
3.537086748063004e-2 -0.11979073473729064 -0.9921688775630728
0.6714247638669806 -0.39300056534258254 0.6282828519915054
0.5323901497269679 0.732979836257032 -0.4234398282097604
0.9400826530177006 -0.2538564287711323 -0.22759947070845452
0.5625222901353203 0.3702387849200466 0.7392509149414981
0.21816335729932773 0.44259897496312156 0.8697763487779373
0.5208067263550925 0.3908071557080052 -0.75896648202059
-0.5353980855240617 2.265003771271828e-3 -0.8445968030812606
-0.451954789936822 0.7124004916061006 0.5368634904820306
0.534004773223565 -0.8278188857999589 -0.17191507929022265
-0.16755536281154387 0.3600162293175174 -0.9177763970712521
0.49999903728234296 -0.7033785975320078 -0.5052321360034769
-0.6624954250226912 8.634531911781136e-2 0.744072777146461
-0.4542911337577411 0.48625025234645225 0.7464450802852931
0.8889849435773576 -0.16429243444106456 0.4274503083145349
-0.4737717487414245 -0.6853412051930262 0.5530350464112224
-0.19333199129597792 0.93567297038013 0.29519287532316313
-0.5608701809683683 -0.5907548372920425 -0.5800287599046812
-0.6509130526875407 0.7589228841865961 1.8661556711195865e-2
-0.6386053658787314 0.5011101183115285 0.5840135580589696
0.11778264763114323 -0.9297006268044411 0.3489756330124317
-0.13031658321644812 0.8895603853715797 -0.43783548156397434
-0.48817727644763353 0.39146592295190513 -0.7800239598419935
0.6699223537661546 0.7083958674296184 0.2222146145802605
-0.8160569217897301 -0.4868394153460623 0.3115100063634788
0.659505882759654 -1.3251498062826373e-2 0.7515825892105938
6.621600624908178e-3 -0.8550479184796923 -0.5185067130796955
-0.49659648730654576 0.7657377262284067 0.4087024142641555
3.5064024509201307e-3 -0.8580499611246526 -0.5135542516188863
-0.6544651939889533 0.4657514092972605 -0.5956097166724342
0.6437408724103847 0.4500485945399853 0.6189135252528424
-0.11652431898305601 0.9926615626668419 3.232808514834604e-2
0.3827909990599756 -0.1813991870148279 -0.9058506422082093
-0.31550534646012346 -0.8431203437859841 -0.4354359450588357
0.1632962601530022 -0.4149476368077869 0.895071388285692
0.8877150073524783 -0.4493995668409334 -0.1000104746732605
-0.12108586813344685 0.8150941298602024 -0.5665331164246351
0.8921138246699666 -0.17823026662666797 -0.4151709237060213
-0.11155787695108335 -0.5530328784792128 0.8256569962225011
0.8942274988694243 0.15282883656514573 0.42071430565156415
-0.8092664628498915 -0.13274171278430655 -0.5722476996838989
0.7012130505315379 0.21542042692249 0.6796280581529774
0.9363582108726314 -1.4306480975450047e-2 -0.3507543663783873
0.11743376578358701 -0.11393348837192482 0.9865234264229563
0.559391829655404 -0.6566873317559898 -0.5058087872170451
-0.17693245767800192 0.9591254365476611 -0.22084678486969317
0.7118136126291178 0.18498046817232677 -0.6775718465746868
-0.7138441308407464 -0.6774988075270085 0.1772622990477701
0.9025676180544553 0.11960206444010983 -0.4136025157336096
-0.5477516924401034 -0.4818089778412621 -0.6839796724322739
-6.276078084893373e-2 -0.1704094214969895 0.9833726218744823
0.9865571085997571 0.15002066518502888 6.479869974566463e-2
0.47477875271443903 -0.5929095903991091 0.6504178300013632
-0.5982575281019412 -0.5862126731545888 -0.5462990315773096
-0.4148717287696196 -0.9095219112157992 2.5521396632381652e-2
-9.838351573838112e-4 0.471960664038342 0.8816190581361489
-0.4989499289860015 -0.8662457218714147 2.5832493188532424e-2
0.9504592385947571 -0.2142192666122479 -0.22524950961541568
-0.7245948618230417 0.41048527214330627 0.5535920226783284
0.22686483578386535 0.18156127224354357 0.9568530977668754
-0.25156890579174596 0.8989853334860953 0.3585226015408758
0.8881270287856066 0.45591103118034754 5.809915996400191e-2
0.4242900284290964 0.24324002370657014 0.8722455288752495
-0.35736660436201645 -0.5027481665995853 -0.7871044346638618
-0.31623501379703356 0.7860819586073553 -0.5311031636140139
0.12585584813973236 0.19238746348166863 0.9732149656597551
-0.7586872667867072 -0.36760135000045724 -0.5378316453069282
-0.7129801290328596 -0.5389159435209828 -0.44858548953702876
-0.8840811818212909 0.4258663983105074 0.19245330534835167
2.83727265308329e-2 -0.9994978647831425 -1.4106972855491395e-2
0.5085983083482642 -0.612865976565634 -0.6047504076175026
-0.6664239562328714 -0.13002731058911587 -0.7341471303900122
-0.2527312208428157 0.9390759870638286 0.2329446726830129
-0.21531141807785947 0.47073912867518986 -0.8555966724920242
0.48054982534615304 0.7958292414368537 0.36841238284539746
0.5314284717001075 0.6067296993409377 0.5911538305755477
-0.7461360984266785 0.6656548038412339 1.3586932976294971e-2
0.695814945072975 -0.6808049282429248 -0.22879294546213344
2.2172687011014287e-2 0.9996655170361376 1.331262557061383e-2
-0.654567520792605 0.3974714778692975 0.6430845861967298
0.3009661772454818 0.9536267745650192 3.9159911848089275e-3
0.19173274544618893 0.9108911759325536 0.3653981662951751
-0.41444300553082286 -0.36849358306255575 -0.8321354904150511
-0.30319903054384423 -0.4215838064582716 0.8545978247160635
0.449159042641293 0.37186811517526647 0.8123855361400472
0.9782567446905175 -0.16681424003128129 -0.12323453570447611
4.4670408206434316e-2 -0.6204377926385859 -0.7829824392005414
0.41405382737958873 0.5275823208478576 0.7417656791474663
0.23729194453281885 0.9557544220376353 -0.17385631370571325
0.4406769476143962 -0.4278796980146694 -0.7891278678820904
0.311607907432183 0.8734421736683572 -0.3741647782504808
0.7241832168354037 -9.346137747464898e-3 -0.689544282960226
-0.5781567296961733 -0.1421225882794455 0.8034525286585246
0.5741679276380424 0.7810552504297033 -0.2455277716431059
0.8212396805643217 0.10602286872062064 -0.560646536041079
-0.4641883940088556 0.13967618222795958 -0.8746540453148898
-1.9025705650212783e-2 0.6536328790238783 0.7565725887074335
0.2654399801297294 -0.7146501174385266 -0.6471605879484852
0.26053501425639064 0.9476764185745861 -0.18447469209641829
0.7091401892255058 -0.5850245819852392 -0.3935307237030037
-0.6145225182129647 0.5382281964297565 -0.5767776722248946
-0.47668103164697756 -9.204395949966913e-2 -0.8742443042923393
-0.607767719334822 0.13377930038560823 0.7827652892935955
-0.7445321225968682 -0.6647564391610613 -6.140679942244459e-2
0.8164149402221139 -0.11917408225435418 0.5650346746005546
-0.498183940886428 -0.7235076409657951 0.4778592413116839
-0.4390733220926531 0.6369608988753576 0.6336366712323536
0.4372898930135369 0.7415224269186689 -0.5088438265763443
0.3866009140774917 -0.5248422062680673 -0.7583405513053586
-0.4396020988868019 -0.8544991075741538 -0.2767332105282866
-0.6440187873409695 -0.4882522566574005 0.5889393308489619
-0.3905505835702092 0.5868962068840121 0.7092412029895949
0.37983080551881454 0.24485526357018522 -0.892061914376409
-0.7977030476327123 -0.14375540793847388 0.5856656302754377
-0.748252189355777 -0.23604578099033252 0.620000847096962
-0.3125924839368891 -0.49394621789598986 0.8113587818051968
0.40298780396171424 -3.3854809261604356e-2 -0.9145789641949871
0.921359984570916 1.5066369655856022e-2 0.388418309734331
-0.33870245648792 -0.3476469274742089 0.8743124497493964
-6.513888765387951e-2 0.9794101898454117 0.19108271858593037
0.20808304322385904 0.4532728222692097 -0.8667440197167807
-0.6032017033998646 0.7864912676040625 0.13258654154195584
-0.5499481968111087 0.8238893092665819 0.13697951270334105
-0.8489757161045188 -0.4652642336617625 0.2505382732038208
-0.97768697014819 -9.354696928999494e-2 -0.18808815204342055
0.5363494199644255 0.7491286633474218 -0.3887615534683562
0.24330773548929485 -0.6822893988895963 0.6894073701476833
0.4422494422464161 -0.7248959345759701 -0.528148951402883
0.2788554206926471 0.5771696706450967 -0.7675381590759884
-0.8319558344261181 0.4555305236874007 0.31676715668361827
0.6154301241392341 -0.7775835465087536 -0.12887820025448823
0.17859160934416535 0.7161269698257176 0.6747349110280991
-0.48341069669535364 0.47515539082498554 0.7352152425585776
0.24383096576384397 -0.5553528667902768 0.795065817075852
0.29650305575283037 -0.9544434746971459 -3.352001696408731e-2
0.13902682219491697 0.5880228318584203 -0.7968065586599968
0.6288203180731327 -0.647947436856575 -0.4298245300694213
0.4905045298653912 -0.8424002362523259 -0.2230855175567366
0.5214698208069403 0.4114928816290728 -0.7474910262713389
-0.6407142926618422 0.24282634436090944 0.7283684244001467
-7.024292614917095e-2 0.9951363263972968 -6.906245876375347e-2
-5.836784775450328e-2 0.37837892766895775 0.9238087363976359
0.8295480771904815 0.5564060755636229 4.756329157515063e-2
0.162685990924493 0.9865653493370528 1.4902343586668828e-2
-0.7261509015839493 -0.4573661680484957 -0.5133430202636953
-0.40258496183897374 -4.9694890244065676e-2 0.9140326943740811
-0.6636007277436428 0.1449214947704109 -0.7339154137171514
-0.46388203580375154 0.8365280312608557 0.2916064295817287
0.8856431792187833 -0.10163764809296913 0.4531069935383649
0.8943374785376256 0.11489870971217182 -0.4323872812530919
-0.45434856122620454 -0.40507035365314215 -0.7934011554711754
0.39020904212824775 -0.7260244872531731 0.5662378893628739
0.2723391269421818 0.880603706750033 0.3877737892050881
0.4636314469945883 0.41922060846098724 0.7805766860464793
0.2483863719965265 -0.5859307641702736 -0.7713555275002846
-0.3451046677742056 0.61490525573221 0.7090798930680242
1.5149925052536727e-2 -0.8872392499686927 -0.4610607260284637
-0.3100962207950115 0.8355969447638418 -0.45345129810155427
0.12047892319203585 -0.9158737291961381 0.38296232351870696
0.3260011983767758 0.13836586849901056 0.9351888071889123
0.8755309651604174 0.46574822501039725 0.12854617825875805
-0.7097019176070174 0.1511805890424324 0.6880898325376603
-0.5923375193448792 0.6243918795857111 -0.5091866493573627
-0.346572920560227 0.12868867873959375 -0.9291536120032103
-0.501485870446533 -0.7772085286775373 -0.3800773930311833
-0.581037085187684 0.6327662300108744 -0.5118620945083013
-0.13420255986426974 0.16334269830098974 0.9773990156725292
-0.7533727033590946 0.6406399231280371 0.14835787383186805
0.8276585443997919 -0.5114251304991463 0.23113993548486816
0.29815497830288273 0.31222416685936316 0.9020086909460374
0.422303248411892 0.19800243300556736 0.8845648664200041
-0.6142339316661373 -0.16512954990365536 0.7716533606086189
-0.5480899935571405 -0.8352660511659658 4.39088001674814e-2
-0.8144216748087272 0.48682159312685874 -0.3157880176117756
