-0.25712207759810274 0.14029974949429425 0.34348125186176326
-0.20802098245667633 -0.48504585427896707 0.4129206865381401
-0.3055203513465259 -0.2334911442770132 -0.3769004382559824
-0.7220325301447621 -6.53615723638964e-2 -0.31400141541873555
0.6444281184283079 9.737499893525303e-2 -0.20425220386934057
8.221595913239174e-2 -0.5664593398865228 9.398769981388361e-2
-0.7042363595086039 -4.7192593223237767e-2 -0.2888338295467748
0.442755187735532 0.4158228479948425 -0.1190444700076353
0.304095388505439 -2.1946273391111992e-2 0.2770509585070403
0.14648944865584093 -0.63327451244233 0.49993941615290005
-0.8633655943381982 -5.461743143001884e-2 -0.5138765516128401
-5.450413722646955e-2 0.8772177026326238 0.63002629111543
-0.8104641471578966 8.389214606076534e-2 -0.4390626075412938
-0.20813652367364696 0.3181476103192141 0.41275728658208727
0.21204507408472137 0.4699363003217145 0.40722976158152685
-3.981792569503895e-2 0.8093582956466228 0.4374986973360795
0.2036176970235121 -0.3468880445424778 0.4191478725167209
0.4965146050127479 0.3497926737206075 -0.21242523799211743
0.18026304947857408 0.3066336477342769 -0.27346131788079897
8.486935443085683e-2 -0.549504714559431 7.001023873135598e-2
0.1494009189529214 0.34936122516798745 -0.21303539838669902
-0.1241235585336401 0.3072993266874418 -0.272519905677047
0.2998564229941956 8.24291128507364e-2 0.28304576102347245
0.3568875335322371 -0.19205672857598766 -0.4354975508893774
-0.19808058140523113 0.3315568822679819 -0.23821454158502794
0.45295028543540544 -9.520242756395433e-2 6.653834444303253e-2
-4.60950209366886e-2 -0.6269297717453365 0.17950580467117616
-0.10181556057968404 0.6738554747460977 0.5631178345541389
0.4088841783962949 6.563325151902877e-2 0.12885723065872723
-0.2286907231124386 0.2067842443436715 -0.41466969835065526
-0.2102377496089267 -0.47206065310644557 -3.95122033007112e-2
-6.400715373322541e-4 -0.6629994338393356 0.23051600999472438
0.4223257433599621 0.1950629243553886 -0.4312461480469998
-9.013408710304804e-2 -0.5581636153755465 0.579637932773299
-0.4609885773846696 -0.27923525774546043 -0.31220849259017047
0.7070862204069829 0.2508118011291736 -0.35240533042644656
-0.544258283004461 -0.29553775750918687 -6.259066407225544e-2
0.33214260115586575 8.001027650884696e-2 0.23738620999004453
-0.39001393278311675 0.40376330001290933 0.1555437879301952
-1.6907028832114923e-2 0.48375388661201457 -2.297547388914012e-2
0.3636059578146596 -3.800664985708313e-2 0.19289030428539647
-9.546160974492968e-2 -0.6096256125398664 0.155034028037337
0.649045228867521 0.241292468706139 -0.3658676994438401
-0.5560530328462356 -0.19837286735057702 -7.9270959263291e-2
-3.343341532327563e-2 -0.8687799661531485 0.6598247917999186
-0.7626909326571791 -1.3709100386520526e-2 -0.3715010796762201
0.5934392415296982 0.12445291244534576 -0.13214304262915455
0.21411307438377084 0.24309604096940424 0.40430516751161943
-0.5266732332667318 -2.652851498573805e-2 -3.772164823815327e-2
8.40449657771114e-3 -0.47380331509057866 -3.7047707088118165e-2
0.19328021054276534 -0.7211011716252598 0.31268427556902373
-0.3284767764310779 0.31604812198226073 0.24257046903312207
-0.3819480485789863 0.20131273101549194 0.1669506707642073
0.17366912312604557 -0.2708838991923294 0.46150155189625086
-0.4586491131496274 2.4308073365125193e-2 5.847898499995216e-2
-9.101488265262898e-2 -0.11220494362937355 0.5783922997614038
-0.600315730997399 -0.19436957882575245 -0.43222668669842207
-0.2805927341385232 0.19085812106674963 -0.43719263788490403
-0.20190303880779248 -0.2240267190742733 -0.3902851567377628
-0.20162063754668239 0.30864191502081645 -0.27062119904730464
0.2855978651196209 3.543080620051209e-2 0.3032104069495777
-9.323366620718676e-2 -0.6341497713731526 0.18971642606516248
0.7353055983614817 -3.001178734355292e-2 -0.6646637044942376
-0.3435907816423016 -0.2650202689382599 -0.3323115225502953
-0.37966594674178133 -0.4306325200287808 -9.81004309629423e-2
0.12677086042659177 -0.5915333516922349 0.1294477073726248
0.1768694508574895 0.29167369981834207 -0.29461787911590914
-0.5601438531147763 -0.2192415108262037 -0.39705246314096243
-0.1994521010761152 0.3012753587213203 0.42503891480089606
0.38877176643565836 0.41146189982620734 -0.1252117820525252
-4.653905731083208e-2 -0.3979434290642923 -0.14432978674656965
5.483975888634207e-2 0.7691341813486303 0.38061320936141296
0.45028474800586804 0.19900307016887994 -0.42567394039983286
-0.28046457526377166 0.5261227026580786 3.694308038489447e-2
-0.15796776251507563 -0.4914584727440093 -1.2079543688801542e-2
-8.14589652289398e-2 -0.1717424195875614 -0.4642263221710474
-6.254930892478605e-2 0.3273489825685985 -0.2441654104090016
0.28928967753713625 0.5248400239723132 0.29798939575899014
0.3324348569391491 -0.43490866326380256 -9.205305120532453e-2
0.5877698222751248 0.3281666300195186 -0.24300908229467064
0.15973951346463944 -7.752901843244853e-2 0.48120099479797473
-0.7995634641848749 -5.067370607005228e-2 -0.6354433388065717
-0.24144640675379447 0.486313160918874 0.3656499981690805
0.21574784103972447 -0.5455658603641934 0.4019932583354545
-0.27589720724879213 -6.97297380422492e-2 -0.6084940399464756
-6.880164649939502e-2 -0.3287615535465686 -0.24216773337414166
-0.4070329333627737 -0.24646852623609006 -0.3585476486853599
0.6235881923674247 0.11794800952126498 -0.5403031064666636
0.36921514639591363 0.40975074710537646 0.18495771371987868
0.14607341642165558 0.2574377220871607 0.5005277745808694
-0.25956657521105403 0.17256981910621438 0.3400242101843389
0.34947923185011476 0.38277541390410197 0.21286851173638388
0.3234481706829647 0.41182366676493615 -0.12470016634135672
0.14773190070298015 -0.19184583214318954 -0.43579580348489655
0.2594209569490932 -0.3407491936345094 -0.22521465018092843
-0.2982840550608914 -0.5285654835548352 4.0397694258993644e-2
-0.2969865522486398 0.3185865355779268 -0.25655738178278487
9.491276985834474e-2 0.35299258093061736 -0.2078998858173861
-0.46399945086501465 -0.2674955117166038 5.091246483957529e-2
0.24791349887468567 0.19235871562288634 -0.4350704767119922
-0.17573530909571577 0.24258695560401813 -0.36403701851654513
-0.1426055336618358 -1.1371848685416408e-2 0.5054321014125264
0.4037978074488331 -0.29877289272060953 -0.2845781042316198
-0.444778029107884 -4.354092128136977e-2 7.809566017660274e-2
-0.20162526083760757 0.3025110015945961 0.42196560279299
-0.1660235036249544 0.5765145781733246 0.47231409068743824
0.3817853152955131 0.42676315874087073 -0.10357253417402601
6.37478943403389e-2 -0.5718851693297169 0.6169536444377132
-0.42519732820013856 -0.22476429606598158 -0.3892420653527946
-0.26193220108716603 5.64115131657994e-2 0.3366787099868406
1.2958489323319111e-2 0.21652417925130762 -0.4008953503076451
-0.21026236868168666 0.6767630163386306 0.4097508877402143
-7.362353620849715e-2 -0.6410484959444457 0.19947269591696154
0.27143969565369075 -3.5786450208260545e-3 0.3232330822266728
0.46674359307808305 -0.11928946698027612 4.7031661704773464e-2
-0.2601142140908207 -0.351684070342756 -0.20975039923724842
-0.21705509240703413 0.2719437047647234 0.40014452572237447
0.4774920408825688 -0.14271428929426946 -0.5052782977221542
0.4034907670414408 0.504166708804173 5.892616101320913e-3
-0.19940836506990997 -0.4928729721658438 0.4251007668540355
0.47281768697495563 0.20954052959123484 -0.4107717223717823
0.5897741925327425 -0.19246289490102697 -0.12695988063089797
-0.5147832097452921 0.17928145373628654 -2.0906615717198207e-2
0.46488115308392136 -0.32239016468285353 4.966554960362296e-2
1.9099120075547593e-2 -0.3777759357442591 -0.17285092931882934
-0.2123552604836003 -0.31582849556425596 0.4067910917693686
-0.4141744553237035 -0.5331730984327943 0.12137564927927647
-0.3859777418226955 0.4067786711232213 -0.13183486759998309
0.1690263129308147 -0.3060133871219383 0.4680674770418705
0.8114584504713748 2.046602007709856e-2 -0.6781634580257145
-0.4280315870592888 0.15769787518436096 0.10177870564322114
0.16366929695814125 0.19821673821177255 0.4756434416842745
0.26203123533733264 0.7128969311845329 0.3010817274687779
0.8429412919991329 -7.140073007272074e-2 -0.6061309003543653
-0.24728875881027762 -0.23637276142956118 -0.37282521619728204
0.5084807772935767 0.2381799990230867 -1.19936302680419e-2
-6.726376176306728e-2 -0.4859470236768047 -1.987390970797076e-2
-0.3433553562836805 -0.3298993774015121 0.2215289796167204
-0.3610924346445915 0.21123557909273816 -0.40837456037786257
-0.535000414473342 -7.92047039493388e-2 -0.5950944146576466
-5.8212207103758185e-2 -0.5447886169317179 6.334066950476869e-2
0.23765572111230673 -0.5076666216929976 1.0842240375820988e-2
-8.25451874851703e-2 0.6940938636608145 0.5903702575363898
0.21348810007865113 -0.10155271646605901 0.4051890146500544
-0.2477739257290572 -5.2522330722397426e-2 0.3567015350180908
-0.28756722433769694 0.3143482963068993 0.30042531243419013
0.3517440876934658 -0.34569292965969367 0.20966552188589682
-3.481693993372703e-2 0.8141783025700172 0.4443152164978761
0.20437065341513938 -0.5739273583347673 0.10454907278744352
0.344619827222165 0.5010693831986238 1.5123362228676718e-3
0.776006273403315 -7.930259426293286e-2 -0.3903318151470245
0.320118522433842 0.12214601929902924 0.2543908251937723
-0.489960769266435 2.606972210584227e-2 1.4197616259200435e-2
-6.97868643057763e-2 -0.30599896557985967 -0.2743588939913721
8.228055739264048e-2 0.5057196710242191 8.088836334763094e-3
-0.521990639671006 0.18665062949924807 -3.1099460867996545e-2
-0.24527034087977953 0.37005508712698165 0.3602421386664911
0.18673541907907143 -0.71547488425663 0.3047275036664989
0.6651223399719159 -4.501058115240886e-2 -0.6434522068705161
-0.2556693786636516 -0.38910006504564115 -0.15683619207874838
0.1250833685337393 -7.38430947420345e-2 -0.6026768751147609
0.28287720566144264 -8.25484795307524e-2 0.30705800045393206
0.1389285544754052 -0.31074884230637234 -0.26764155390513755
0.33070483723242744 0.1275306429683497 0.23941951523006166
8.31895592247337e-2 0.2566395456346603 -0.34416365510874214
-0.11744384423660385 -0.2457629824024265 0.5410161038499091
0.3279968741846944 0.12423430526008676 -0.5314129417757336
0.11075529380988484 0.5020094988593075 0.5504751425759914
0.2897986663594475 0.3512658312880633 -0.21034187858070894
-0.22483579291049416 -0.3191356427657871 -0.25578082695051624
-0.7969376747441718 6.927079667154568e-2 -0.41993328680273856
0.11454935409573934 -4.6892952768824214e-2 0.545109531063275
-0.29108732400270676 -0.1194624911637796 -0.5381613059878543
-0.1262312053827691 0.7146378102665728 0.5285888985395318
0.11034192598103879 -0.5816589512931206 0.11548319640789517
-0.39466209585851963 0.16807956271258995 0.14897029266883852
0.10003409335330733 0.6728918613068926 0.565637209666604
-0.1273721656456364 -0.4864985762829445 -1.909389653200566e-2
-3.784028429601405e-2 -0.5730014096133508 0.1032395835475543
0.22838261261898984 3.378612325794861e-2 0.38412499301057135
-0.2377564991435364 -0.36976653064642456 -0.1841779386347272
-0.4899540774431854 -0.34687622668784757 1.4207079926397026e-2
-0.6018892181304546 -1.1522422277608357e-2 -0.14409311413967954
0.10883456451810003 -0.3365738550312959 -0.23111947066109287
-0.14605409976238426 0.22708288773823448 0.5005550924623906
-0.21039865198976368 -0.35479099978330425 -0.2053565374850888
0.14539413808284207 2.4407056424555096e-2 0.5014884192202457
-0.38662205797470706 -0.2795369660517662 -0.31178181261151233
0.18424295900366114 -0.34319299786039836 0.4465478897918198
-9.269810979072002e-2 -0.31970790406126537 -0.25497152726522976
0.256953384459193 0.5664672956146324 9.399895091247484e-2
6.1516202590322755e-2 0.523019122461822 3.255395517943582e-2
-0.7162129780871633 -0.21992657597459356 -0.39608363471700037
-9.653147753296283e-2 0.8045901206240521 0.5705906564635178
-0.5697661572220659 0.38630402328114155 -9.86642457380993e-2
-0.3459620459286861 0.15383701515610748 0.21784256376785593
-0.4924962528987244 -0.31284789041018385 -0.26467305160865373
-0.5290259284068081 0.22231223303227998 -4.1048861613378396e-2
0.62145203046801 7.997235666664333e-2 -0.5940087897736421
-0.2811849311487491 0.6813134214284107 0.25641589962432687
0.2557774428877017 -0.4759586602523854 0.34538285250565004
-0.20010175840968814 -0.26021850654035716 -0.33910224005670253
0.3096589025474892 -0.1731646209972868 -0.46221502564898764
-0.1164522462124015 0.5411603169800798 5.820947850480451e-2
0.458640203027978 -0.20754330459468232 5.8491585814831215e-2
1.9559295051924108e-2 -0.3527286828328073 -0.20827309408639363
0.2521709174840587 -0.6230766715250723 0.35048324964452515
0.23228810215830611 -0.7073845762601948 0.2932860803741648
0.49592722967545866 1.4265135403287665e-2 5.759767029397067e-3
0.16542191175515644 -0.3720014479162763 0.4731648700687199
-4.093291012102507e-2 -0.5084344839053162 0.6492189045459948
-0.2520856435800133 -0.36950977741845653 -0.18454104253190268
-0.25323884840711114 -0.159465160370441 0.3489729672494667
-0.22497498650151496 -5.401407503751654e-2 0.3889441040814011
-0.111815542777711 0.3205729564019966 -0.25374815851280497
0.1704219817265924 -0.32949234587068377 0.46609370330230077
-0.5598780281567994 0.34253847433458984 -0.22268422514798222
1.1164921895147136e-2 -0.38598072097986696 0.6913171972195941
-9.352812535197041e-3 0.42234375514478123 -0.10982251467721627
-6.010323436820064e-2 -0.653703850491857 0.2173700699545507
0.13990645148239775 0.7686152670002836 0.5092491800366472
0.2430006232648772 -3.693457773985139e-2 -0.6548734004263261
0.25343745469396567 0.4470894991707397 0.3486920955450244
0.3283244886646171 -0.1792466383747093 0.24278583645783447
-0.2715880015271024 -0.6446041944475435 0.20450121296375218
0.30394779112562953 -0.3819143862828836 -0.16699827643989645
0.3916980468387909 -0.3093393110994792 0.15316209099207753
0.5392586883910879 0.35844450169898245 -5.5520169563655714e-2
0.22367079151350136 -0.49037659067179634 -1.3609555988213395e-2
6.345767860265368e-2 -0.35649951353268844 0.6173640714699618
-0.23003349421159347 0.4022036344130583 -0.1383049465638504
-4.718295021078315e-2 -0.2251192771959249 0.6403800130856835
0.4435267495777561 0.2589801839333331 7.986523665842936e-2
-0.3525022543584293 -0.3633908219826527 -0.19319455229677301
-0.21373665264314462 -0.14920815399361573 -0.4960945861921229
0.13183222749350557 0.474765457077537 -3.568703284123326e-2
-0.25511700721605834 -0.16023499644447636 0.346316849589563
0.1512364193612592 0.781909679936935 0.39868049273107187
-0.2561904304414019 -0.35870953137127365 -0.19981489696879512
0.1490899321978063 0.7152059626054329 0.3043471910201603
-0.46849089758427326 0.3442944802627666 -0.2202008577487471
-0.5390884408256031 4.93412361987097e-2 -5.527940314758617e-2
-0.8550664304316817 5.12420077220953e-2 -0.5021397614598873
0.15181829919399562 -0.5170537486320371 2.411764260472854e-2
0.4472110321545465 -0.24264300327822944 -0.363957755135536
0.11464541287831254 0.323569130852573 -0.24951092796956414
-0.1791231650405067 -0.5633640251368933 0.4537883718510687
0.10701125502299044 -0.4686428449275107 -4.434571398095066e-2
0.8768153310547792 -9.85346771305029e-3 -0.5328973516877764
-0.26219319796789176 3.085358143897743e-2 0.3363096046583811
9.127054500262166e-2 -0.19740296647081826 -0.42793682875083494
0.685053997532934 0.2232431216038766 -0.2617058730824324
7.535514011052458e-2 -0.1327634195750802 -0.5193509526364394
-0.2071393536709509 -0.39718385128928163 -0.1454039919376669
0.28517073208222227 0.2600055927689652 0.3038144642840045
-0.309742972029779 0.5648003674769008 0.26906406929228377
-0.7070547605361029 7.994932647058771e-2 -0.29281965050407033
0.30517191937051547 -0.5441625429091206 6.2455267130962056e-2
-0.38051618406665755 -0.27987023457298404 -0.311310499748894
0.21073880644030468 0.2047342528496335 -0.4175688241242734
0.5437583104775229 0.1989536558277172 -0.42574382283128076
-6.733416075576167e-2 -9.881453416525782e-2 0.6118818978347391
-0.15725404719550806 0.47847054513572973 0.4847159749046013
-0.3509520710091295 -0.38545346808459124 0.21078560262251103
0.3913010446060461 -0.278742139896526 -0.31290586653998176
0.35477661960786466 -0.12036069345618639 -0.536891056124178
-0.31168620788449347 0.19569281575354117 0.26631591879165695
0.4230362474178614 0.44595269486259326 -7.643443193503768e-2
0.10477024526841713 -0.5135430339632968 1.9152742306573767e-2
-0.49320391075057257 0.3650357956437198 9.611121587638258e-3
-3.078238110591003e-2 -0.17997485511123826 -0.45258390020210165
0.4302235295157424 -0.27341591230579376 9.867883089336307e-2
0.16301295778867372 -0.265277052734418 0.47657164543925223
-5.6862069418877614e-2 -0.43987697413460813 0.6266916714297703
-0.5049152051484255 -0.3331861592017016 -6.951149782749355e-3
0.14723283650888572 -0.7097355490819858 0.4988881069690208
0.4266963045628153 -0.3589998037760609 0.10366708025933338
0.1464935272227622 -0.30883664203270256 0.499933648188245
-0.5002837627914802 0.4140577171154056 -4.0130118820824387e-4
0.2636794840672547 0.38566537431476294 -0.16169357829291342
0.17497368983995842 -0.19828899151679147 -0.42668380011421747
-9.433901927304511e-2 -0.3081528082588794 -0.2713129004634843
-0.45700733047814257 -0.32130176098803775 6.0800816320435214e-2
-0.5341324575474484 0.1608557007214694 -4.8270584380725526e-2
0.5338615966879436 -0.4199087712886316 -4.788752927969775e-2
0.5058808393911686 -0.1149120342449275 -0.5445966238774895
0.45434495913913564 -8.996876818600719e-2 6.456597797613217e-2
0.2521836534319042 -8.330724209189255e-2 0.3504652382943523
0.22016649260882495 2.2369517965535546e-2 0.39574434135903147
-0.10181360600250085 -2.5308458230347552e-2 0.5631205987437
0.2476990335422597 -5.498369598535665e-2 -0.6293480926146571
-6.777889550552507e-2 0.21613624830587852 -0.40144396751193523
-0.18712081961518584 -0.11443203306799483 -0.5452754480518627
-0.5003471097994601 -6.804919940553418e-2 -0.6108706804786099
-0.24842738830879585 0.1645910647914749 -0.47433986511301485
-0.37671401751362443 0.10060273526581753 -0.5648330285617982
-0.2851215350486083 -0.49981439936082267 0.3038840393961698
-0.35765055380747085 -0.10371201484755528 -0.5604358432080949
-0.14083166926418333 -0.3022239343665249 -0.2796975943316519
-0.13309813149320826 0.7148454450826149 0.5188775985023348
-0.11453476143296926 -0.4975975224946503 -3.397616271361814e-3
0.21623598292667456 0.35250329765958044 -0.20859183685512875
-6.055039320829747e-2 0.17295615487806135 -0.4625098412620916
-0.4747030228100617 8.908508988634756e-2 -0.5811214388640485
-0.2297010033167944 0.20261792005002532 0.3822605070052295
-0.12135142883240295 -0.49508160117122324 0.5354899447184097
-0.1283523482511126 0.530662424367664 4.336321639598961e-2
-0.6087086489174345 0.1665338332217049 -0.1537372456462911
-0.17527434895446106 0.10477379981134927 0.4592314197590342
-0.5155108110547644 0.32082760389959936 -0.25338803256807085
0.4169898895182222 2.1898406644074386e-2 0.11739402405741922
-0.2250543571665569 0.2884725327636891 0.3888318570104442
0.5982713731231273 -8.754034819998024e-2 -0.13897670866375347
0.24308150124060013 -0.2943200615138212 -0.29087535851521795
-0.1403827398848878 0.20319419223189103 -0.41974679873676135
-0.23482878770187224 -0.29797191540397583 0.37500872478292746
0.43146687857289334 0.35342580189679673 9.69204697939764e-2
-0.18909782685143617 0.6646692310518313 0.43968206983796726
0.3423205147704456 -0.257701408155836 0.22299246651964386
0.21258968003438924 0.6919004982147581 0.27138828720146474
0.21753824046755443 -0.4169247155248884 0.3994612511825523
-0.2156030331930672 -0.5459804494881074 0.40219804755613525
-0.7253711858304407 0.156949239895801 -0.3187229875695163
-0.32937844489404994 -0.3703595493164876 0.24129531726402298
-0.44117913342322823 -0.1563065148773811 -0.48605598795968324
-0.13589935009661425 -5.391998165714107e-2 0.5149160771622262
-0.261066428266517 -0.281935968272376 0.3379030976517364
-0.11434049228250671 -0.4624960109994274 0.5454049062722103
0.8361376020741312 -6.891988943112293e-2 -0.4753703556768069
0.5997855071529696 -0.2286133893460789 -0.38379862543324195
-0.3013367202273242 0.5875683407637822 0.2809523046000386
-0.4819094370734331 -0.28034582372155503 2.5583919441714842e-2
0.1883154544817125 0.2922980337946286 -0.29373493753919444
-0.3220156738300377 9.266000540817165e-3 0.2517078479593972
0.1834539373392042 -0.5248045738753524 3.507896478340872e-2
-1.0540364629278987e-3 -0.29091821640401583 -0.29568629400659724
-7.462797089852413e-2 -0.1594507374221432 -0.48160938579376134
-0.5742956707099908 -0.18100699428089026 -0.4511242349901232
-0.2541255944528204 -3.291164254691237e-2 0.3477189189652439
-0.31902819412871813 0.14694773975597542 0.2559327822703178
0.3297705327368722 -0.2676661435325155 -0.3285696908147605
-0.6380996409249827 0.14655613167194168 -0.4998451121271504
-6.0555293311571834e-2 0.26348680692059023 -0.33448016533306774
0.48685742105032376 -3.176151375168343e-2 1.8586413395191265e-2
0.1303876087829476 0.27102277157991445 0.5227108564803057
0.41723072552088514 -0.23457570198838726 -0.3753666420313808
-0.19535315240841503 0.30947593205890866 0.43083570359822865
0.28243919692223374 -0.6274287330600555 0.1802114425295513
0.45976393450935366 -3.685333667602375e-5 5.690238951340415e-2
0.5950575799011575 0.3112276173768881 -0.13443171870258103
-0.13746564059575428 -0.32527958142591296 -0.2470919855709779
0.17194325216377937 0.19251204229891417 0.4639423020179937
0.19420855171800644 -0.28614219351558595 -0.3024406103496191
4.489354832640735e-2 -0.6749636463739247 0.24743596162425452
-0.4507371138318763 4.366924667784855e-2 6.966824174060246e-2
0.13913588639635863 0.551628334409221 7.301349072425384e-2
0.3985407971000773 0.20697296082214833 -0.41440281294735004
0.21625099555521732 -0.39687474897965014 0.4012816903956752
-0.46104489074273913 -0.1850083888135441 5.509084383534402e-2
-0.14040636993816014 0.29792056703535724 -0.2857834747752625
0.21207064715638282 -0.38378893470917547 -0.1643472646321093
0.412026848500321 -0.20628996380923018 -0.41536871658607916
-3.8548475071260704e-2 -0.7670920624990287 0.37772521718832874
0.45334568411480053 0.3382503222820579 -0.22874858793819086
0.41741542224681283 0.16263150617911226 0.11679222990141269
0.2641593984422981 -0.25518591830536375 0.3335289772811313
-0.3085422665656019 -0.31018532019943335 0.2707621232441385
0.279036245537893 -9.989316324842124e-4 0.31248993835319017
0.36191446252893433 -0.36479660165846206 -0.19120647961353493
-0.5853770838966258 0.2922322167237529 -0.12074142996247375
-0.8655350330438012 -6.825733722404626e-2 -0.6105763291528274
-0.3067376648437237 5.619013499887737e-2 0.27331421547390045
-0.25526983334293557 -0.1500001298446756 0.3461007208082483
-0.2899099981058704 0.24987349721486632 0.29711212999766723
-0.32757874203412296 0.31161073464114414 -0.26642265407599786
0.39156173699482416 3.462757406362338e-2 0.15335486222210032
-0.32309969471094 -0.3828121662494432 -0.1657286238351609
0.412483039308515 -0.39910493484943765 0.12376767274757114
0.33602266342398046 -0.1445984268253384 0.2318989733076246
-0.34369198906852183 -0.37290505592449247 -0.1797393936206328
2.0216299144881433e-2 -0.6170518144877957 0.16553626354902012
0.30091426663082044 -1.7177925202192412e-2 0.28154974420568757
0.3438700987972197 -0.19340132533248347 0.2208010237729433
0.43102036912897257 3.458945444001127e-2 9.755192950529681e-2
0.33399638480795935 0.4670367255135645 -4.661710983894407e-2
4.856779211890783e-2 -0.3845560070156846 -0.16326246057292326
-0.3043311774775494 -6.047559606745945e-2 0.27671750254482375
6.769395912469822e-2 -0.4200684922325392 -0.1130402223456734
-0.18557301725207864 0.48749341171775207 -1.7686986767771473e-2
-0.2523935953305532 0.3519747849774406 0.3501683356139725
-2.282739964311431e-2 -0.5649500286128851 9.185321134086272e-2
-0.1648771508549339 -0.5388583401032196 0.4739352783220653
-0.3066579340360627 0.19561861993461052 -0.43046027582231333
-0.3749988963619602 -0.2623754530279865 0.17677825607652067
-0.46811892104492814 0.49049588220793255 -1.3440852279933246e-2
-0.3390275951833938 1.6931296786472316e-2 0.22764935805945663
-0.10815547338630216 -3.426222074807628e-2 -0.6586526839275972
-0.7368768241067277 -0.1581947924343854 -0.33499441726360035
0.6151720722828149 0.1753370972442619 -0.4591426802765821
-0.29868237292696803 -0.19102407719537076 -0.43695794047704917
-7.4152447079973705e-3 -0.7653687502993685 0.6966200415521823
-0.2182033514465095 0.2829966348969593 -0.3068891020093205
0.24072803215078664 -0.4531750615294877 -6.622046304228413e-2
0.4731146791109866 -0.17770816653464347 -0.45578948192879815
0.335463952159644 -0.1780115993404664 0.23268911035509987
-0.6709460206512355 2.4928461221544018e-2 -0.2417541808386885
0.11487678578712084 -0.3746695268178685 0.5446464727245723
-0.29995406992813184 -0.5634217468204995 0.2829076674051757
-0.6521848734681314 -0.10320838109141171 -0.21522191204666477
-0.4420396923716195 -0.14433535341177436 8.196825312737244e-2
1.2087105348455696e-2 -0.8589157870043534 0.5075835737313696
-0.5915569393981865 -3.162195522407744e-2 -0.6623865832399024
0.3258967466795661 0.35187528877127683 0.24621918209903618
-6.37062039778975e-2 -0.24547797513337688 -0.3599484994890405
-0.4740464484021659 0.24718213969662586 -0.3575384468511782
0.37855970053144067 -1.7703013121122768e-2 0.17174251852708672
-0.24995574479078972 0.1673299307700602 0.3536159769103445
-0.11377518306574763 0.15037464040534543 0.5462043742334854
-0.5663735442215132 -0.21224784863542845 -0.4069429950618128
-0.20764263945374284 -0.5523674811456785 7.405880206353577e-2
0.3488065496658834 3.8337065018190675e-2 0.21381982800449062
0.15252452217964907 -3.814751412581774e-2 0.49140453332561185
-6.616938131194983e-2 -0.34804148972353527 -0.2149017861509877
0.3411092013260609 0.5021741722521066 0.2247055224209777
8.634869086505899e-2 0.7507160881733203 0.5849912914720192
-0.461129781581436 0.1191188376101554 5.497079005993766e-2
-0.16010105307118563 -0.5523825406299585 0.4806897005830621
0.28796778316161786 0.342940569296245 -0.22211557699984766
-0.32338285645878645 -0.1730018549801036 -0.4624452115579816
-0.5768134384295452 -0.16652270931094468 -0.1086306063995735
-0.124358974702003 0.4721705067010998 -3.935684685727581e-2
-8.850659554086597e-2 0.5910621953321714 0.5819395534131847
-0.17781841150837974 0.5229337407494267 0.4556335719917568
-0.29403477617297047 0.1377931098292926 0.2912788129133953
0.20749893141600073 0.27953416139232073 -0.31178577899893795
0.2940555506549929 9.266283035015621e-2 0.2912494333591679
-0.3371141759289617 0.3900508416879539 0.23035534151958031
0.13957540943148974 0.3562404093981432 0.5097173441947571
-0.7817047648477264 2.2507700014408827e-2 -0.39839069903277824
-0.6306295903332959 -0.19674936547384028 -0.42886116014514175
-0.29408824566046776 0.21310464692173084 -0.4057312993051059
0.250439530759341 8.273122414760925e-2 -0.59010716196527
0.41523299143966746 -0.14005455275365994 0.11987865314781851
0.4767464791057174 -0.1265766427466509 3.2885444621620574e-2
-0.6986658237286075 -7.863978506461548e-2 -0.5958933306060632
0.21828399364430562 -0.23894217496860667 -0.36919151672301886
-0.1685261295663616 -0.22092419202542204 -0.3946727925678777
-0.14056927068041428 4.5702305096668394e-2 0.5083118121374111
-0.21866753981518675 0.3382186699435376 -0.22879335110460716
0.6911943348674537 7.195214318822975e-2 -0.2703896214184562
1.6182421412176407e-2 -0.5465131439673308 6.577951902721146e-2
0.7289293777554149 -0.11119710775258403 -0.5498503233061807
0.32561311265344456 0.4316651865286701 0.24662030118552777
0.12206217381732724 -0.5775981614104335 0.5344847995213411
-0.40989211267708076 -2.4281712738892125e-2 0.127431796328859
0.4834262911646874 -0.2579803776970826 2.3438763813721897e-2
-0.21867126745995294 0.21942282946241148 0.3978589090433675
9.830300148575766e-2 0.2441550936176652 -0.36181933646997266
-4.928334425071679e-4 -0.6359425351299641 0.19225177688417616
-0.8484799164686414 -5.51623981690735e-2 -0.629095369562819
0.17830266464838293 -8.609252640047405e-2 0.45494873463354246
2.0647108766711164e-2 -0.3096558941055768 -0.2691872160736739
-0.6653679508259177 -6.192119663612772e-4 -0.2338655988398599
0.4831766434832095 -0.12954608289555317 2.379181895068297e-2
-6.730486913910283e-2 0.8260612228232362 0.4611202034805764
-0.7771876927249836 4.3464787582927454e-2 -0.6456382891011059
0.2639339331826278 0.3571776204833746 -0.20198134612280888
-0.29927474807182847 0.13068188669822411 0.28386837358757633
0.11304832121353661 -0.48399045445716943 -2.2640916434100766e-2
-0.1270654497071737 -0.7636862098400338 0.37290861416653365
0.11185505299022958 0.23406966109437724 -0.3760822919268052
-2.5315912334622506e-2 0.7285789841741678 0.32325949949257304
0.48385038445123874 9.767877167928085e-2 2.2839005336169588e-2
0.38581630691153673 -0.13161254728440439 0.16148012736755174
0.21088809386533264 8.715282414055552e-2 -0.5838540752878565
-0.2718069174320354 0.16275633879278184 0.322713752207339
-0.1444841251689317 0.653217701423222 0.5027753718250325
-0.8311664426280615 -5.2237784720694506e-2 -0.46834007456745597
8.6665212365162e-2 -0.603927531274206 0.584543662473791
-0.6729035487089124 0.11372361996949269 -0.5462772954635271
0.23127955968701608 0.23720734205436841 -0.37164494095878586
0.1554883320763054 -0.45489938497570037 0.48721307317346485
0.2243399027316411 0.4922632276929077 -1.0941448325682557e-2
0.21749556382814866 0.2168016676355027 -0.40050292247131547
-0.5774057185791225 -0.1411688479375697 -0.10946821701983012
-2.3957437409214993e-2 0.48530242386863437 -2.078551149898833e-2
0.15690079335201357 -0.4779615668100273 -3.1167051110712718e-2
-0.2994742227656014 0.2971832309015726 0.28358627377029244
-0.7513252211986904 -0.17336807567847032 -0.46192729727952975
-0.3309596210728926 -0.11685249424408872 0.2390591964674024
-0.40350119540533835 -0.3177950013057914 -0.2576767802855219
4.2580050847578876e-2 -0.4124054653029237 -0.12387737895836587
0.5080587622910218 -9.916872949648461e-2 -1.1396810927903872e-2
-2.2653640843568468e-3 0.3692465361867125 -0.18491332185201093
6.807425193063554e-2 -0.658669587703922 0.6108352508578399
1.7225480031848872e-2 0.27184385018579366 -0.32266152140607834
-0.3571565382541987 0.4239743988774611 -0.10751643619506163
0.24637553058044137 0.1784706609753577 -0.45471115194950595
-0.2652378407868382 0.2050714921997706 0.3320038294912453
0.34767857003883695 -0.39090392377072897 -0.15428515060512416
-0.22644367436725912 -0.30672574205300646 -0.27333107684623426
5.3035549037551144e-2 -0.4382804273784633 -8.728465666524832e-2
-0.7058497225254139 9.121445563883834e-2 -0.5781100609376233
5.588091290066921e-2 -0.3533504129949303 0.6280792362846315
0.37251730884116374 -0.32829890480480217 0.18028775080464687
-0.4391407280121307 6.36001338279206e-2 8.606800784139768e-2
-5.018319296125884e-2 -0.8127514275538861 0.44229731049825216
0.31320454184070234 0.20156524460267167 0.2641686703185747
0.23716895235037377 0.21334843134572215 -0.405386536066402
-0.20328618112454833 -0.236560606129563 -0.3725595636749195
0.6168802927897512 -0.13131040790130308 -0.1652936952374044
0.3593097327875398 1.0966746227298763e-2 0.19896608398575594
0.6167122904221953 9.773002997898472e-2 -0.568895647339138
0.6035745835132025 -0.27187783469552307 -0.1464765807215157
0.2522702350841548 0.2598799996473837 -0.33958096109570235
-0.26082273223938346 0.6593645005964491 0.22537543810431354
-0.24556063110340312 0.3564618411651978 -0.20299361094224078
-0.40751060363975766 9.555198811232013e-3 0.13079975870835547
0.2524616186326181 0.23643737664248776 0.3500721361376349
-0.33120144864981255 -5.285603707042996e-2 0.2387172006283664
-0.3798062888777866 -5.1861073855186936e-2 -0.6337641471813094
0.2730157981670322 0.36693092281155626 0.321004136676615
0.2959093677823947 -4.083292122401727e-2 0.2886277400354368
-0.3222264327139353 -0.3606643011438503 0.2514097898873986
0.28184816565155074 -0.2222493006635198 0.30851328279214574
1.847667300461638e-2 -0.7992464936674374 0.6809768196358862
0.2871390734149371 1.5583221135550218e-2 0.3010308092758996
0.40040146205400506 -0.18037425797532544 -0.4520190592548588
0.31976171900838174 -0.10269924974403866 0.25489542143715926
-7.028115722648212e-2 0.5635339488428318 8.98505721246512e-2
0.17694881091378575 0.3715522671578256 -0.181652525841479
-0.24021606614319638 -0.41186621437315263 0.3673899625469267
-9.583809976433966e-2 0.6678798838310306 0.2374180085634631
0.5251380672439769 0.350736794361404 -0.21109004977738668
4.2036021424619374e-2 0.14545068335540154 -0.501408452128904
0.2095309335412711 0.1697378351511538 -0.4670612326679371
-0.16679513964724332 -0.3804200384111763 -0.16911160346696824
-0.2985383983697161 -0.5834478075587421 0.28490972932295316
0.25522070864515317 -0.1518920598299467 0.34617019362209966
0.29823754252531554 0.2424537635561409 0.2853352037384236
-0.7633837065774889 -8.004476287400723e-2 -0.593906391933188
0.2927346243666251 0.6383321580761131 0.19563121406357797
0.1763988162951259 -0.20542731154236077 0.45764118279542026
-0.6274397098104253 -0.15047065317075806 -0.49430914273332327
0.4906056479308773 0.3187459221599968 -0.2563319751167612
7.010595226913496e-2 2.2474994832317075e-2 0.6079619926844559
-0.15365674643460384 0.5043671193909667 6.176039471207595e-3
-6.570251978075389e-2 -0.5308853168910793 4.367843402555516e-2
0.1253801845071911 -0.4343109498249643 0.5297924238036369
-0.2608755957976249 -0.468527315301832 0.33817297551738473
-0.19236114894310066 0.24758583738600243 0.43506703547754355
0.17077683153653397 -0.1412711041542023 0.46559186988847584
-0.24262724872532002 -0.41123710591303003 -0.12552968865327951
-0.44244979616688457 -0.23864664621110274 8.138827877812793e-2
-8.135434685813747e-2 0.17674081003592557 0.5920543605017644
-0.3895144200236738 -0.27513151537660596 0.15625020564917774
-0.22784404269380623 -0.4085495162134424 0.3848866459030522
-5.9137952227256596e-2 -0.7728439129549958 0.623473087095789
5.1781249835613385e-2 0.4176482809270456 -0.11646291799771125
0.5344474665560043 0.2181140060930529 -0.3986469956262242
-0.22085346777411397 0.12593298324320645 -0.5290106483339012
-0.4336042808099306 0.1597266851017866 9.389772656211176e-2
0.45528288353245366 -0.2300551322112185 6.323955257862124e-2
-0.2763330736086193 -8.901686838726512e-2 -0.5812179186332964
8.295912475441813e-2 0.38186264303364004 -0.16707145244473787
0.5150232212416547 0.2617357263256277 -2.124604323047964e-2
-0.3804517589420362 -0.11958311325518789 -0.537990720590263
0.4363419938021093 -0.3673450509037457 9.002601571868754e-2
-0.3687526723800783 -6.474144448783103e-2 0.18561175074531816
0.2409842743119086 0.2507781171603262 -0.3524529667520252
0.685040370640397 0.16300890204539994 -0.4765773811263956
-8.886960561783012e-2 -0.7152180724799322 0.5814261796390638
0.4630418244664457 0.17591296633984987 -0.45832827839145
0.32445810397615205 -0.3287034412330288 -0.24224991659609052
0.834553278578805 -5.63591634747711e-2 -0.6274028878365239
6.134333641857323e-2 -0.4807276381604197 -2.7255235492496144e-2
0.319828682939656 -0.31871588494975756 0.2548007201373615
0.13228994183269194 0.32884629039613517 -0.2420478973722518
-0.400040367272096 -0.2825917099598318 -0.3074617523471493
0.3202466305333487 -6.375034943800939e-2 0.2542096529820001
-0.11209501539543203 -0.8087195480623115 0.5485804901399065
0.17420560863340248 0.45795000129459834 -5.9467678466950114e-2
8.399036482446813e-2 -0.15917247975300625 0.5883264681431204
-0.27994574094344143 0.6627698327754705 0.31120371761574755
-0.5937739310812621 -0.3520673199454213 -0.20920840245138506
4.418600779982044e-2 -0.3052243089966991 0.644618329688918
0.160961323332983 2.2973873316211813e-2 0.479473094711522
-0.21690157085073025 -0.33688227585144315 0.40036163798941604
0.2202763593635561 0.19051402612461896 -0.4376792616188092
0.3792919454537286 -0.1728644640519149 0.17070696782700837
0.5098814453290199 0.12203060701552326 -1.3974474000148202e-2
0.18139096407948063 0.30352901619851136 -0.27785192990484986
-0.29998957328625747 -0.19468738469982164 -0.43177724132111145
9.208509982448931e-2 -0.3488630771422943 -0.2137398860807036
7.340224246541638e-2 -0.5991414313802643 0.14020715685105134
-0.7538193955190059 -3.8638099846813226e-2 -0.35895483153631885
-0.21318834889034088 0.2961183607918999 0.4056129268459002
0.46094903830539996 0.21690803152521596 5.522639965221557e-2
-0.16029278681536985 -0.26741097669024927 -0.32893055122376147
-0.9402617243038454 1.4147434506726286e-2 -0.6226241015042625
-0.21691322717630493 0.35709608365499124 0.40034515345570076
0.3595849636186741 -3.0710299823318632e-2 0.19857684881158266
0.2988827543187676 -0.4430431377411097 0.28442273646952065
0.17485746680828285 -0.3889514544063072 -0.15704635926040733
0.26404251794523936 -0.2555907299097676 -0.3456469045313155
0.17994444469438955 0.4561728611416019 -6.1980934173555546e-2
0.2559913003938499 -0.5233496386895294 3.302137571124408e-2
-0.15677604431423117 -0.3259030987000761 0.4853919730621564
-0.2357858231557303 -0.2921969630920079 -0.2938778730975993
-0.23760334053443624 0.4944062933903476 0.3710849145375948
-2.639174241468756e-3 0.32621111651931894 -0.2457745960080567
0.3053202947114349 -4.782580852500499e-2 -0.6394708741390267
0.3756319138860899 9.371032135534647e-2 -0.5745803737914754
0.4145228618369835 -0.24398505545331328 -0.3620598067481202
-0.15428858451133362 -1.2345151552687117e-2 0.488909772451272
0.28447550326436805 0.6214944367602463 0.30479766630716654
-0.21041885912855776 0.31173054286241175 0.40952957682786734
-0.31070342711025356 -0.36287993236427946 -0.1939170593239521
-0.36120230140855214 0.4141438848626364 0.19628958777419858
0.4012656885939391 4.445952247636653e-2 0.1396314022620199
0.2786288073120963 0.3683181846301491 0.31306614301794106
-0.6685689029564049 0.19411255657095683 -0.4325901710569857
0.8624584289407387 -9.428428593784366e-2 -0.5737686652945861
0.2871104429174124 -0.22922401656014502 -0.38293506814555545
-0.13761793330843852 -0.1925882969835181 0.5124856334759976
-0.3169464556951421 0.33201554824891144 -0.23756588993419825
-0.17562882848790462 -0.5211333993238869 2.9887139942887275e-2
2.312018415237671e-2 -0.6824381309859637 0.25800647913434904
-7.912447254804403e-2 0.5152577553382821 2.157772453076906e-2
-0.8747872121683136 -6.383917411870173e-2 -0.6168245553371821
-4.5801182597766665e-3 0.18494339602688012 -0.44555732225399514
-0.22974555650988937 1.5647525182322042e-2 0.38219749927530766
-0.40396394595485774 -0.2058947751145133 -0.41592759779784433
0.314101087448184 -0.3962757641548 -0.14668822107906743
-0.5527152322277438 -7.902960764467577e-2 -0.5953420382264225
-0.4525499631839126 -0.24428262173083592 6.710448560041349e-2
1.2727434990724448e-2 0.8030934788878982 0.689107470008443
-0.18809973709142827 0.4472925423683927 -7.453960142082433e-2
0.18960073581008896 -0.32674389475922483 0.43897084916800155
-0.17638289729587 -0.21658617579055978 0.45766369566006737
0.17210579286654695 -0.12109585518550636 0.4637124347517021
-0.4597755663423567 0.19012056845492295 -0.4382356947915131
-0.5180409619236275 5.687442231478648e-2 -2.551377303065061e-2
6.264694280693077e-2 6.263099562461905e-2 0.6185106250277743
0.4002879381831788 0.2204430410612023 0.14101415015353294
-8.232791989220933e-2 0.8388641751362673 0.479226312280081
-4.773480217223713e-2 -0.8656071352243344 0.5170465691346278
0.4374342028911262 0.17808435406262454 -0.45525747242473175
-0.11136696031794313 0.3811707239908942 -0.16804997373905328
3.972899732182914e-2 0.1424806734924427 0.6509214943545323
0.14470833445218434 0.2461653745416648 -0.3589763699230726
-0.12824101607833682 0.29516522042862875 -0.28968012331553655
-9.10368393433666e-2 -0.796773183402695 0.41970066091672914
0.8695186217020339 5.5032625718238894e-2 -0.6292788955228116
-0.27430612386189857 0.42197457580743836 -0.11034461310303445
0.293673578468847 0.40770032546451895 0.2917896236052647
-0.2272031597258134 0.27259539861333654 -0.32159867142706705
-0.1253090660440088 0.5370826603442046 0.5298930004988044
-0.12520044090892435 -0.13645898850785712 -0.5141246289310217
-0.5028480809719393 -0.3746065368075503 -4.027794737253398e-3
-3.0201451935929158e-2 0.7813389220189797 0.3978733191426676
-0.4311584416030234 0.1864664789638304 -0.44340335770794104
-0.37928218950619774 -2.073312856711307e-2 0.17072076482032028
-0.6039905748836536 -0.23077115129242964 -0.14706488135943782
-0.15768925201673675 0.1739193823416078 0.4841005023440095
-0.5214774518051141 0.14679907536842565 -3.0373703628006857e-2
0.3901591940793086 -0.2090103796486961 0.15533835743503277
0.4768908881349261 0.19700470142075055 -0.4285000605860599
-0.10083318024342847 -0.22013656235918566 -0.3957866691239965
-0.5083549385653154 0.2944087255799477 -1.1815667431863144e-2
-0.13032976484946301 0.22688133617753037 0.5227926601555406
0.24921645433434844 -0.48562591729310906 -2.032802271075773e-2
-0.444114904579015 0.21233359282962125 7.903345987887152e-2
3.5554079409777097e-2 -0.706785856996219 0.6568257198875507
0.4540583731003665 0.37562757637406935 -0.17588916827700307
-0.21922323833858792 -0.4237764065586742 -0.10779643961753582
-0.25123225358187756 -0.1534749500313578 0.3518107208654996
0.25306454291590236 0.48761514030986186 0.3492194724391302
0.15694121446537468 -0.3296789549454465 0.48515838719431004
0.3734049760672465 -0.2051821222045073 0.1790323997746466
-0.16444918496984343 0.36718597259300206 -0.18782739883236843
0.36231580409748637 0.17904878353953377 0.19471485716976888
0.6034204515874706 1.1022601782771924e-2 -0.14625860526175097
0.29574421116534116 0.22722053642006748 0.28886130676318955
1.8607812841514138e-2 0.112306755251107 -0.548281044764316
8.867895120814943e-2 -0.8113415890314316 0.5816958056909606
0.2690559912888657 -0.12493661570571324 0.32660414926809633
-0.3839562231352899 -8.710281647909757e-2 -0.5839247968009129
-0.46548427308314344 -0.2665613413067864 -0.33013211710612667
-0.5274884309487194 -0.39796150981175804 -3.887451185603541e-2
-0.5961056298800865 -0.24762734696296673 -0.13591388519682734
0.46370010311133136 0.2163954176753096 -0.40107744667473405
-0.2397134066750174 -0.1724143511816122 0.3681008303840807
-0.18832138807853405 -0.20583783117406476 -0.4160081286907217
-0.17239454392250342 0.4791590851706471 0.46330407909221893
0.45887584213966826 -0.29344252134008186 -0.29211638773044735
0.2580070101118274 -0.5506389449387835 0.3422297682990689
0.12023645676361372 0.34687827512225 0.5370667533397587
-0.27079746809121125 -0.10659300045722342 0.3241413291556611
-0.12076958552839356 -0.18734804440631916 -0.442156635903054
-0.48868798188004525 -0.11640719604021699 -0.542482145788649
-5.442979856570873e-2 0.3690384658491015 -0.18520757774538787
-3.483557498344392e-2 -0.8042703338716011 0.43030323278900795
-4.862346279059282e-2 0.5892855472112745 0.1262688317900877
9.834232643672525e-2 -0.3215828626962237 0.5680297293844085
-6.287751757326088e-2 0.28861288362498444 -0.2989465268884868
-0.1025954758670004 -0.3891304719929846 0.5620148677773139
-0.37431933726609323 -0.2869000753311946 -0.30136880360730944
0.424231658046697 0.24065375898121363 0.10715261678888345
-2.3119257375949887e-2 0.33839727771573286 -0.22854076157082331
-0.2934438166389494 0.14083322716320523 0.2921145559012215
-0.12039701085868038 -0.279100400298225 -0.3123992098210378
-0.5400822668609119 0.17245220397565666 -5.668488540535924e-2
0.30045140503678436 0.30028972929371384 -0.2824329733780321
-0.202063558513499 -0.554904080764943 7.764609564741021e-2
0.19405740585345996 -0.5734971667085844 0.4326681659496444
2.8574558781122805e-2 -0.1902053680581357 -0.43811577004256574
-0.4963455444906771 0.15806681515231005 5.168180544373541e-3
0.35570887502765314 -0.24714685925781343 0.20405846586596407
-0.10246406626866592 -0.5583006036221607 8.244950433699771e-2
0.5038774641380436 -3.533504916533278e-2 -5.483562371636497e-3
6.645177892152798e-3 0.2959249553580969 -0.28860569587447427
0.4715960331968057 2.0038226683620985e-2 4.0169275078272476e-2
-0.12964841576582956 0.741475470961842 0.5237562332703255
0.43611115555004165 0.18195380522848592 -0.4497852421070301
0.19039328594583918 -0.5776243281459574 0.4378500140171629
0.24956421232242 -8.459006198847008e-2 -0.5874783682804723
1.843106736013722e-2 0.23843425821029943 -0.36990981949117363
0.3534819362957009 -0.250134673942195 -0.35336293287772325
0.2117467685883457 -0.6833693483838774 0.2593234194079964
7.62500402066143e-2 0.33396820727895354 -0.23480441305122238
-0.459289372572011 0.2880264742242471 5.757352144138014e-2
-0.7810254113557248 0.12729089645355485 -0.397429948110744
4.315616802378519e-2 -0.24229716973756374 -0.36444683761906893
-8.280987107785487e-2 -0.27362920691796777 -0.3201366457017636
0.25219687686290915 0.2116794197574109 0.35044653753888394
-0.6865152512555748 5.478696028589636e-2 -0.26377239791505924
0.19001852394200544 -0.28318885960713797 0.43838000752564676
0.14176396028448868 8.084820607792542e-2 0.5066222658965027
3.2291148359931965e-3 -0.25885993330378715 -0.34102355275333696
0.20043919937401325 0.14549764294642054 0.4236429470006132
-0.33848184135220694 -0.21512417514540372 0.22842117052923813
5.264330704720225e-2 0.4040825781702128 0.6326579023922229
-0.3389968227858888 -0.35628405617847236 0.22769287680135492
-0.13404316866714083 0.28692939997840083 0.5175411141140126
0.5973420227946191 0.30205045547556364 -0.2799429305320347
-0.14294712101934182 0.2505139493254744 -0.3528265564868154
-0.43199508663163816 5.172209153953233e-2 9.617347079354466e-2
-0.2432331657635288 -0.2690787949757414 0.36312313934482193
-4.907204461909176e-2 -0.20779878816169636 -0.4132349167235827
0.3286414182352583 -0.22577958018498678 -0.3878062367820355
0.3180480970449048 0.2258932165833152 -0.3876455306463402
-0.33897083191549293 0.35491018422634896 -0.20518798522931114
0.47389288273855534 0.19209990449294012 3.692103930559977e-2
0.672917432700521 5.960862017546831e-2 -0.24454217849581367
0.2866038665612657 -0.32545884682165044 -0.2468384660170618
3.579878500092892e-2 0.6659990645988889 0.23475812849699618
-0.2566954415549449 -0.2807436479685682 0.34408460634019433
0.3392399763525824 -3.744293745374483e-2 0.22734900572959743
-0.11959239587877919 0.4681128847631518 0.5379775929780857
0.17107498362381882 -0.3673239131401766 -0.18763232143975306
-0.32843580107766657 0.5643537029353339 0.24262841693363946
0.11545111846146686 -0.47302660439136107 -3.8146141892992036e-2
0.11100152537603725 -7.426603732991532e-2 0.5501269185556543
-5.7517416835488167e-2 -0.2901726270863356 -0.29674071653162115
-6.314894630686685e-2 0.5697859319527984 9.869221143049334e-2
-0.8450371742936383 -3.159358041389556e-2 -0.6624267112812915
0.5452839066707206 0.3513536874563363 -6.404111497097054e-2
-0.6952253758869389 -8.664868200067811e-2 -0.2760903742986943
0.5640196388316353 -5.911655112634717e-2 -9.053744149392592e-2
0.1827553399470535 0.5720018579559958 0.10182600403743036
-0.24720901359713132 0.19978180871533235 -0.424572637785897
-0.16592074028358084 0.4579642774220517 -5.944748897388741e-2
2.6308964583407146e-2 0.4857978099894782 -2.0084929728279632e-2
-0.6068519436075382 -6.803384797712564e-2 -0.15111146781570578
-0.2763993029414054 -3.1500383547076516e-2 0.3162191383363423
0.38672822228926323 -0.24455239112471708 0.1601904842726344
-0.704011630199502 -0.12855356623722816 -0.5253045843224313
-0.5286779165342261 0.3237255967831754 -0.24928965172845685
-0.3842416365643336 -0.4547767317529348 0.16370704752883322
0.2328570781268461 0.28557915371789694 -0.30323686886766676
0.22073620445250064 0.21651160327533348 -0.4009131354234279
9.497961104486807e-2 -0.371670001776551 -0.1814860239469167
-0.2744138256532217 0.23913762881615977 -0.3689151032409912
-0.16333254125277138 0.5621450411193267 0.47611968617001516
-0.4513877980854437 0.2895663420774975 -0.2975981330137836
-0.4662083335862244 8.353439163751974e-2 4.778863293754887e-2
-0.3917685927609232 0.2183615881717215 0.153062323992228
-0.45990337306225143 -4.0597014502081336e-2 5.6705193620778443e-2
-0.33785131703825566 0.118017478562504 -0.5402048624063784
0.432447516697496 -3.7474656601001244e-2 9.553363805838327e-2
1.4349053383354127e-2 -0.8070193652187602 0.4341909502035491
0.4088823473248279 -0.10434419666057274 0.12885982018482947
0.3602142118558806 -0.10837298843730303 0.19768695742042589
-0.26340426598776634 -0.14633479111455105 0.3345968958397182
-0.13949781346581444 0.5438819299871603 6.205842053094873e-2
0.4242387950987699 8.473847851269367e-3 0.10714252347304659
-1.6366477646396798e-2 -0.3097411663547767 0.6839610865307371
-0.6889306193238667 7.912669667527629e-2 -0.2671882441953606
-0.7348340798951734 0.13749855107037065 -0.5126544654561795
0.25323894607973346 -0.33385983912989914 0.3489728291195195
0.34067602273767933 -0.37155150266044845 0.22531812945559646
0.5122235741490231 -0.21746058689172085 -1.7286744342221633e-2
-0.26095402686906544 0.3591211363120718 -0.1992327996791785
-7.917068529034954e-3 -0.6804905357302165 0.2552521635096578
0.10677775833795444 0.3381170541157684 -0.22893705758639007
0.10319727937567566 0.4831952970087459 -2.3765438881883205e-2
3.621599017652022e-3 0.4363227314622981 -9.00532567808916e-2
0.5382911150918349 0.20365505206094092 -0.4190950445161661
0.11322232969083716 0.2872973189599139 0.5469862269742877
-0.5441625550837184 -0.213344515821147 -6.245528434844336e-2
-0.33334852797649944 9.765584964250396e-3 0.2356807719250749
9.624841513124423e-2 -0.5713772833790844 0.570990967151026
0.48378509353147714 0.22965074080613887 -0.3823315889294776
-0.10592506514895857 0.14604102177217265 0.5573061174576366
-0.3561279424360438 0.19876189852706225 0.20346581505346947
0.2731373085001434 0.10082245184073568 0.32083229511556066
-4.66618754823489e-3 0.46642607881126785 -4.748069468715044e-2
-3.1596970158545346e-2 -0.15633003720447183 -0.48602272236569294
6.36201516164977e-2 0.3663230240060988 -0.18904779242759773
-0.20619043896417055 -0.21077445137440576 0.41550946597175564
-6.459573266316623e-2 -0.5484710631700749 6.854843491776297e-2
-0.23654001634189692 -4.6013755309316284e-2 0.3725886820318833
-0.12414661978728239 -0.38606038720955055 -0.1611349456997926
0.5239391974785047 -0.10268936510000208 -0.5618820883506421
0.6774542455178324 0.20197971351039332 -0.42146433101591707
1.1256273906369074e-2 -0.6059901904680695 0.14989276483845138
0.18924491679940733 0.6861591531637203 0.43947405323865774
0.3434261239633299 0.5315101048422798 0.22142889900438262
0.3018798395639174 0.3325141679088065 -0.23686073524870876
0.22524578148995553 -0.35878596962909676 -0.19970679694789745
-0.1466347335307474 -0.24634077786404873 0.4997339523123997
-0.7731914683997951 -6.227601973748298e-2 -0.3863510797356111
-0.5533245063386647 -0.20703650252976902 -7.541224007098968e-2
0.1424549878588255 0.19354170684235852 -0.43339747448524646
-0.8388130514139139 3.1386671648603426e-2 -0.4791540124185698
-0.22861410335241505 -0.17551048922256907 0.3837976156757976
9.915191770408367e-2 -0.6900224643011652 0.5668847944341314
6.526706865220215e-2 0.38887481240343363 0.6148052075222673
0.5655596672240892 0.1352409003384333 -0.515847265740387
-0.16165006131916249 0.29966449667527434 -0.2833171858266673
0.41136813160082253 0.19934824029967205 -0.42518579611954044
-0.44823473516870055 -4.423581583761319e-2 -0.6445478904863564
0.29656895927524557 -0.13576911802605585 0.2876949368006212
0.5159238932242105 -0.3058533623410047 -0.2745648080664862
0.3749925650287985 0.39515617267605785 0.17678720993374583
0.15892286508871567 -0.6292034170077843 0.18272122463735507
-0.10637891085183881 0.3123959653671577 -0.26531217013367736
-0.2428376011032558 0.3116998772319417 0.3636825522521754
-0.19071828608255048 -0.19797085065751205 -0.4271337192321554
-0.42172934517124216 -0.1291240697615543 -0.5244977705009477
0.1660876596093354 -0.3728159705254979 -0.17986537940010028
0.20888272253545048 -2.7233598432825246e-2 0.4117020020314972
0.27419526582965714 0.3897828369401666 0.3193361175117503
7.433943568852963e-2 -0.264789558760852 -0.332637796012163
0.4145870029612506 0.1804959723674846 -0.4518469291107313
0.3787110565810022 -0.24054756551831555 0.17152846874904965
-5.918764907682747e-2 -0.4647116510308518 -4.9905261705923964e-2
0.11115657797938805 -0.7663423133686514 0.5499076410611143
-0.5423056116357263 -0.16643048088366444 -5.982916973973318e-2
-0.21457309844254738 -0.6600382054189867 0.4036545952486797
-0.380054083271284 0.4723224289399897 -3.914199636661159e-2
-0.48707478857968395 7.690377306007859e-2 1.8279009287150594e-2
-0.19350148560505384 0.49984493271392766 -2.1929825904387634e-4
7.650088577735215e-2 0.14309579887063206 -0.504738761705087
0.3875009353618435 -8.614126330750915e-2 -0.5852846383371162
-0.18008316825624882 0.3131642039714574 -0.26422571668033823
0.41773062203321254 -0.14365258652281374 -0.5039513450560098
-0.15596759385497905 0.33974261645273407 -0.22663816528297034
-0.1736929319864586 0.33769531394768537 0.4614678810829501
-0.4875179020868568 -0.12576875339804203 1.7652352155635986e-2
-0.15993363653398507 -0.22907454185779252 0.4809264633205367
-0.6913320514085337 -0.11911219272031337 -0.27058438201861457
-0.47154122821755384 -0.25960361430754825 -0.33997182899173867
0.7072368375460767 -0.20509414674152915 -0.2930771462809714
0.3362118334156076 0.18377643177966266 0.23163144653987147
0.6262542624549984 0.23266878026855276 -0.1785504902712709
0.33560869121980647 -0.3257846932717917 0.23248441841321293
0.6217077749030406 6.189612478154116e-2 -0.17212078591413188
-0.32417159357430875 0.25586489826942216 0.24865891701766116
0.13343450253670985 0.5573638976574664 8.112480205777123e-2
0.34325800462588146 -0.18477364673936772 0.22166665565149937
-0.14957359930920763 0.7473397760712124 0.4955777684705071
3.994042756681915e-3 0.2697553869978075 -0.3256150543710452
-0.3493926479393883 -0.39622332440314945 -0.14676238208705905
5.981827960272321e-2 0.5528653497211986 7.476289455531576e-2
-0.43789615690504075 0.4134757805847138 8.782809718038209e-2
-0.5690631964084547 4.840811827171776e-3 -9.767010902167353e-2
-0.2580153720896466 0.3953494954337635 0.34221794267662875
0.20282233592147814 0.6080629976172292 0.15282415682097694
-0.5282647455761401 6.2323426736184406e-2 -3.997238653080229e-2
0.14972607832597576 0.5380321262199598 0.4953621305770162
5.050918726424325e-2 0.21190345957537657 -0.407430034741271
0.4143249094651633 0.13739130381884487 -0.5128061359738147
0.2739638897073432 7.542300026749504e-2 0.319663332761936
-0.22351744206565685 0.2957756517597616 0.39100538319035294
-0.25013113364739015 0.4695796185432193 -4.302091602874225e-2
-0.1895394789509527 0.278736690790286 -0.31291357273992926
-7.681358628487246e-2 0.7735222528488986 0.38681887958975536
-0.35980877237168873 -1.975138983513114e-2 0.1982603354376915
6.195958703790916e-2 -0.7459282586829942 0.34779507880028926
0.2992140600929867 -0.13020759385740877 0.28395419935032745
1.1755607332140094e-2 -0.3022789095108899 -0.2796198477368974
0.30727691639810556 0.3906837270826172 0.27255159861216294
-0.3738246487778324 -0.2740187444684127 -0.31958575641487075
0.6804041946958647 -0.10399959212567424 -0.25513005884788814
-0.27094075505437576 -0.500170457396672 0.3239386907890426
0.16929705087969346 0.23712642958472935 0.46768459576271704
-9.862792585989855e-2 0.22270019062126142 -0.392161151266886
-0.17441068876897797 -0.15313962136690598 -0.4905346517127884
-0.4647469808986231 -0.18704765800105086 -0.44258144643133696
-0.5041931513897512 -0.20200166308906645 -5.930011564469734e-3
-0.20819905299696242 0.6789044269876433 0.2530090670145123
-0.3008053649891792 0.3839557746971395 0.2817037543842613
-0.7988960729503375 -3.4934198109980885e-2 -0.4227028801064252
-0.3345271320981177 -0.558932956044985 8.334378570955536e-2
0.628177501138322 0.14864587727751044 -0.18127036050090786
-0.33290100956453983 -0.5630546443305101 8.917273318281915e-2
-0.5697236033285192 7.622853825209108e-3 -9.860406544471378e-2
0.19674811193714933 -0.3993551914962483 0.4288629329137311
-0.27924606743963887 -0.3570344786012111 -0.20218377931390819
0.203784856262359 9.561504964691714e-2 0.41891147365406767
-0.2677654390251118 0.2641154464414479 0.32842926578244835
0.2500514694884086 0.21198085949322532 -0.4073205747277229
-0.4350974043040814 -0.16931722439492827 -0.46765606610387117
-0.3110045732601879 -0.29945838791087454 0.267279895721933
-8.912004370103362e-2 0.1398949071170466 0.5810720067052628
-9.063158055030968e-2 4.208302147718027e-2 -0.6475924014678809
0.16274637988585441 -0.35119402327648225 -0.2104434304445739
-0.10629806784276563 -0.29465710247861954 -0.29039871061172484
0.5018582611049265 0.1039909780454343 -2.627978057017394e-3
0.150909757441144 0.6667719210103432 0.23585111251584187
-0.375140084832067 -1.5347816918212187e-2 0.1765785854272449
-0.3452112116839452 0.37522604382576685 -0.17645702105254668
0.2084586795121167 0.21219751365198786 0.41230168942612566
2.656925493335464e-2 0.9066436654330718 0.6695321805176491
-0.17770808951446423 -0.5585902934825474 8.285918766643846e-2
-0.40434829915774667 4.1126052410391134e-2 0.1352719325951687
0.11079698606859599 0.6842717187224904 0.26059956377914606
-0.46278602501667343 -9.010649181838933e-2 -0.579676958399121
-0.2583752612806534 5.405376861510425e-2 0.3417089825017554
-0.3063665020902843 -3.282364012148542e-3 0.2738391188736622
-0.12037933033204096 -0.4598446687535048 -5.6788214050377595e-2
-2.009803341449478e-2 0.8689792539879746 0.5218154652241005
0.4185185098451381 -0.4354262492232846 0.11523222845937553
-0.47936307783526994 9.378837481249727e-2 2.918501521099917e-2
8.261409994206548e-2 0.4492369623410577 -7.178977632453232e-2
0.6538535468054986 7.170926998922633e-3 -0.2175817725115399
2.193665817342849e-2 -0.4050583450969168 -0.13426777599808637
0.5803741486953468 0.15333928725742266 -0.11366621114915121
-0.22188404497879685 -0.3138677120951875 0.3933153555033312
-0.33894802235962807 0.23500018060417524 -0.3747663386159962
0.46070438896406773 -0.3884437111597715 -0.1577644166458615
-0.3459853342961531 0.3166868210877757 0.2178096290427387
-0.48173977820193115 -4.6165884376605924e-2 -0.6418183613822034
-0.14717787821985273 -0.26574178032460566 -0.33129115136231846
0.5808017414553814 -7.616103381312889e-2 -0.1142709186295647
-0.2316648137025836 0.3481577979519245 0.3794832597237173
-0.2256318221294852 -0.4932180894318757 -9.591069904242855e-3
-6.842195350543911e-2 0.592033064270035 0.1301544076774382
0.18281264228106764 0.6934344552065945 0.27355762998341693
0.24983172287475242 -0.35423484577983233 0.35379137038603603
0.22431792002778528 -8.77598514982002e-2 0.3898733363999302
-0.4344009394443415 0.1499085748031064 9.277108111674617e-2
-0.90688137747851 4.938434412544623e-2 -0.5754171623071556
0.14510792883768267 -8.595021545515757e-2 0.5018931802164267
0.1086757657265198 0.5706804816111116 9.995729568949618e-2
-0.35447101233299816 0.4945504185647119 -7.706871975041052e-3
0.24525861996544976 0.29278302144004426 -0.2930490614334643
-0.6279915527131825 -0.1601206226244266 -0.1810073897161736
0.7285225867057876 0.19256259771849474 -0.4347821438872579
-0.18221596361495065 0.4999154345680541 0.4494144941614018
-0.5060909497123153 -0.30644117657366143 -8.613903690888769e-3
0.16450425960833437 0.26705823495791225 -0.3294294033656473
0.6069307204604159 -3.9719706269348176e-2 -0.15122287510944635
-0.9163088435629719 7.645491563266771e-2 -0.5887496127026141
0.4577442287873886 -9.411134516727926e-3 5.9758684737409695e-2
0.3195583195391853 -9.288231205662083e-2 -0.5757513557715042
0.29268181414717004 -0.12990943141334987 0.293192190159658
-9.32450261382548e-2 -0.620345059135104 0.17019361479345618
-0.2635897157460208 0.2768233435084865 0.33433463027645594
-0.5570904462257229 4.309728241072641e-2 -8.073808333434915e-2
-0.6793810654153335 -4.789825986096963e-2 -0.2536831355432999
-0.1210631185864538 0.21362746518727305 -0.4049919226233198
0.48928028171642096 0.3728170016099765 -0.1798639212264468
0.23668931662816772 -0.2476164115794478 -0.3569242936647341
-0.27090320312963967 0.21662151622098325 0.3239917972302976
-0.24936347144869336 9.867592675860921e-2 -0.5675579472847881
0.25393851831053194 -2.0535301490248847e-2 0.34798348458286477
-0.12971652163300193 -0.7012441859841247 0.5236599170292933
-0.5468164157025567 0.34365275801221323 -0.22110839005875627
-0.2283127636262441 0.3180480436262252 -0.2573189244041101
-0.293114330039824 0.2354936114851709 -0.37406852197199836
0.34295450551043993 -0.1945449291686613 -0.43197870386531356
-0.18552046262548672 -0.21167094627046676 -0.4077588582105067
0.5133463979477 0.18966175527374066 -0.43888455461493653
-2.930890887597215e-2 0.7728360726168759 0.38584847419939655
0.33675477842534474 -4.262397901213666e-2 -0.6468273719852777
-0.3526016467154939 0.19517223141781817 -0.4310915645168487
-0.2700938043130886 -0.24024168355674058 0.32513646001403285
