-0.25712207759810274 0.14029974949429425 0.34348125186176326
-0.20802098245667633 -0.48504585427896707 0.4129206865381401
-0.3055203513465259 -0.2334911442770132 -0.3769004382559824
-0.7220325301447621 -6.53615723638964e-2 -0.31400141541873555
0.6444281184283079 9.737499893525303e-2 -0.20425220386934057
8.221595913239174e-2 -0.5664593398865228 9.398769981388361e-2
-0.7042363595086039 -4.7192593223237767e-2 -0.2888338295467748
0.442755187735532 0.4158228479948425 -0.1190444700076353
0.304095388505439 -2.1946273391111992e-2 0.2770509585070403
0.14648944865584093 -0.63327451244233 0.49993941615290005
-0.8633655943381982 -5.461743143001884e-2 -0.5138765516128401
-5.450413722646955e-2 0.8772177026326238 0.63002629111543
-0.8104641471578966 8.389214606076534e-2 -0.4390626075412938
-0.20813652367364696 0.3181476103192141 0.41275728658208727
0.21204507408472137 0.4699363003217145 0.40722976158152685
-3.981792569503895e-2 0.8093582956466228 0.4374986973360795
0.2036176970235121 -0.3468880445424778 0.4191478725167209
0.4965146050127479 0.3497926737206075 -0.21242523799211743
0.18026304947857408 0.3066336477342769 -0.27346131788079897
8.486935443085683e-2 -0.549504714559431 7.001023873135598e-2
0.1494009189529214 0.34936122516798745 -0.21303539838669902
-0.1241235585336401 0.3072993266874418 -0.272519905677047
0.2998564229941956 8.24291128507364e-2 0.28304576102347245
0.3568875335322371 -0.19205672857598766 -0.4354975508893774
-0.19808058140523113 0.3315568822679819 -0.23821454158502794
0.45295028543540544 -9.520242756395433e-2 6.653834444303253e-2
-4.60950209366886e-2 -0.6269297717453365 0.17950580467117616
-0.10181556057968404 0.6738554747460977 0.5631178345541389
0.4088841783962949 6.563325151902877e-2 0.12885723065872723
-0.2286907231124386 0.2067842443436715 -0.41466969835065526
-0.2102377496089267 -0.47206065310644557 -3.95122033007112e-2
-6.400715373322541e-4 -0.6629994338393356 0.23051600999472438
0.4223257433599621 0.1950629243553886 -0.4312461480469998
-9.013408710304804e-2 -0.5581636153755465 0.579637932773299
-0.4609885773846696 -0.27923525774546043 -0.31220849259017047
0.7070862204069829 0.2508118011291736 -0.35240533042644656
-0.544258283004461 -0.29553775750918687 -6.259066407225544e-2
0.33214260115586575 8.001027650884696e-2 0.23738620999004453
-0.39001393278311675 0.40376330001290933 0.1555437879301952
-1.6907028832114923e-2 0.48375388661201457 -2.297547388914012e-2
0.3636059578146596 -3.800664985708313e-2 0.19289030428539647
-9.546160974492968e-2 -0.6096256125398664 0.155034028037337
0.649045228867521 0.241292468706139 -0.3658676994438401
-0.5560530328462356 -0.19837286735057702 -7.9270959263291e-2
-3.343341532327563e-2 -0.8687799661531485 0.6598247917999186
-0.7626909326571791 -1.3709100386520526e-2 -0.3715010796762201
0.5934392415296982 0.12445291244534576 -0.13214304262915455
0.21411307438377084 0.24309604096940424 0.40430516751161943
-0.5266732332667318 -2.652851498573805e-2 -3.772164823815327e-2
8.40449657771114e-3 -0.47380331509057866 -3.7047707088118165e-2
0.19328021054276534 -0.7211011716252598 0.31268427556902373
-0.3284767764310779 0.31604812198226073 0.24257046903312207
-0.3819480485789863 0.20131273101549194 0.1669506707642073
0.17366912312604557 -0.2708838991923294 0.46150155189625086
-0.4586491131496274 2.4308073365125193e-2 5.847898499995216e-2
-9.101488265262898e-2 -0.11220494362937355 0.5783922997614038
-0.600315730997399 -0.19436957882575245 -0.43222668669842207
-0.2805927341385232 0.19085812106674963 -0.43719263788490403
-0.20190303880779248 -0.2240267190742733 -0.3902851567377628
-0.20162063754668239 0.30864191502081645 -0.27062119904730464
0.2855978651196209 3.543080620051209e-2 0.3032104069495777
-9.323366620718676e-2 -0.6341497713731526 0.18971642606516248
0.7353055983614817 -3.001178734355292e-2 -0.6646637044942376
-0.3435907816423016 -0.2650202689382599 -0.3323115225502953
-0.37966594674178133 -0.4306325200287808 -9.81004309629423e-2
0.12677086042659177 -0.5915333516922349 0.1294477073726248
0.1768694508574895 0.29167369981834207 -0.29461787911590914
-0.5601438531147763 -0.2192415108262037 -0.39705246314096243
-0.1994521010761152 0.3012753587213203 0.42503891480089606
0.38877176643565836 0.41146189982620734 -0.1252117820525252
-4.653905731083208e-2 -0.3979434290642923 -0.14432978674656965
5.483975888634207e-2 0.7691341813486303 0.38061320936141296
0.45028474800586804 0.19900307016887994 -0.42567394039983286
-0.28046457526377166 0.5261227026580786 3.694308038489447e-2
-0.15796776251507563 -0.4914584727440093 -1.2079543688801542e-2
-8.14589652289398e-2 -0.1717424195875614 -0.4642263221710474
-6.254930892478605e-2 0.3273489825685985 -0.2441654104090016
0.28928967753713625 0.5248400239723132 0.29798939575899014
0.3324348569391491 -0.43490866326380256 -9.205305120532453e-2
0.5877698222751248 0.3281666300195186 -0.24300908229467064
0.15973951346463944 -7.752901843244853e-2 0.48120099479797473
-0.7995634641848749 -5.067370607005228e-2 -0.6354433388065717
-0.24144640675379447 0.486313160918874 0.3656499981690805
0.21574784103972447 -0.5455658603641934 0.4019932583354545
-0.27589720724879213 -6.97297380422492e-2 -0.6084940399464756
-6.880164649939502e-2 -0.3287615535465686 -0.24216773337414166
-0.4070329333627737 -0.24646852623609006 -0.3585476486853599
0.6235881923674247 0.11794800952126498 -0.5403031064666636
0.36921514639591363 0.40975074710537646 0.18495771371987868
0.14607341642165558 0.2574377220871607 0.5005277745808694
-0.25956657521105403 0.17256981910621438 0.3400242101843389
0.34947923185011476 0.38277541390410197 0.21286851173638388
0.3234481706829647 0.41182366676493615 -0.12470016634135672
0.14773190070298015 -0.19184583214318954 -0.43579580348489655
0.2594209569490932 -0.3407491936345094 -0.22521465018092843
-0.2982840550608914 -0.5285654835548352 4.0397694258993644e-2
-0.2969865522486398 0.3185865355779268 -0.25655738178278487
9.491276985834474e-2 0.35299258093061736 -0.2078998858173861
-0.46399945086501465 -0.2674955117166038 5.091246483957529e-2
0.24791349887468567 0.19235871562288634 -0.4350704767119922
