-0.5132472850156503 -0.1775168591288382 -0.3863365418294553
0.4006110698815798 5.6582150988937596e-2 3.8602245287930353e-2
-0.1022961388347422 -0.4333422870596345 0.26254130717740015
-0.15336337422547752 -0.5844670321488538 0.16762951963035666
0.12567257246842045 0.3377651326097453 -2.4244518539972483e-2
-0.5993929316787145 0.19650819906898076 -0.41792484947885505
-7.709026959741061e-2 0.29962678019315725 -9.064858635416395e-2
-0.352663497912148 -0.5682444756463157 0.13728449260187447
-0.6416683993273128 -0.2519238617998224 -0.3300134155893334
-0.6085880745078708 -0.1329967503459829 -0.2904670235329344
4.7326839805461596e-2 -0.3934348068750795 -0.10259641591123486
-0.12419802418528503 -0.5678797206470975 0.3693488000637548
-9.190482657275723e-2 -0.5914665984840682 0.42163172964000606
-0.3230904168581751 0.10365819297599488 -6.964002306560339e-2
-0.4116308074763655 0.47876510969723185 4.765590361597426e-2
0.13989099304902042 -4.171128094393661e-2 0.3360769010692086
0.21585520338621877 -0.3238977528012964 0.3241744223567953
9.973143429496811e-2 -0.15898389429228288 0.17818377176646827
0.12387720514781475 4.9629700441043534e-2 -0.3983358039395614
0.21341696600884508 0.6305511118329109 0.2495463418890881
9.637537568601895e-2 0.15043158292299708 0.10560903341478856
4.154729495133713e-2 -0.42322763981571154 0.22465424807221548
0.11005145534046057 -8.35583444404413e-2 -0.31663219248106095
0.4409624334087875 1.0062676497610723e-2 -0.45083140002035527
1.3452619858258852e-2 0.2726627483472187 0.6545290219316217
-0.3863303079096052 -0.2812398410582104 -4.58111186096265e-2
-8.589076963066655e-2 0.31614036028126047 -0.16956241404995567
0.4694242503318927 -4.205295504516793e-2 -0.523732350203971
0.4350740879315518 0.25859018510972365 -0.3013519879782001
3.1010825598524527e-2 0.49051908146082523 0.40613010353401774
-5.787425517996747e-2 -0.7344434515218731 0.4573578785736029
-8.02109828411176e-2 -0.3784768346552917 0.35463398116880906
0.17731428380098735 7.461986805852705e-2 0.20834053874967307
-8.858089572232053e-2 -0.2538765568336926 -0.25806806456325665
9.354856178161564e-3 -8.171903034471262e-2 -0.30775423431321336
-1.1721075923304736e-2 0.2957906073728941 0.23611788837751363
-6.991891465873656e-2 0.2469335322091687 2.178638938489283e-3
0.5102006494974262 0.11567054712832892 -0.14130082137024727
0.12062943420411376 9.124609350067436e-2 8.571864209280411e-3
6.834615699442792e-2 -0.11347574331355004 -8.958207855407907e-4
-0.2026790366694533 -0.556176541725534 0.11322236898411919
0.2819201301044 -3.425804979768177e-2 -0.12668954178960964
0.49853062111806634 0.21857222526589049 -1.189505809272616e-2
3.170962040528358e-2 0.18025935266098903 -0.3103182852767339
-0.10486742979448571 -8.536760278604605e-2 -0.416549648468111
-0.3595546024940589 0.10005119908248117 -0.4667112258822724
-0.29574773514068997 -0.24783817578817635 -0.31195641260980067
0.364086061517494 0.286879808678688 7.773292741282994e-3
0.2509517457959052 0.4408636064137439 0.11435820793388272
0.15464360059691395 -0.7380259766210976 0.42533646993552804
2.23785096523621e-3 -0.24696829767862905 0.4695745577975061
0.2701896926463512 1.882535114102124e-2 0.13019033364193808
-0.23244691812592833 0.7417237049120196 0.35279861505321575
-7.341668974918336e-2 -0.13515750986922515 0.5443022810527811
-3.565475916380756e-2 -0.1583413962912471 -0.3342634293669609
6.377342972313527e-2 -0.3162853077407989 0.46362917011210414
-0.2854516439704191 0.3964320233036347 -5.411441473971601e-3
0.4302758849216983 -0.24006808788903067 -5.6166118248539065e-2
-0.11081975235650143 0.4065597981801895 -7.720914541321632e-2
-0.1514377995436874 -0.1467442928705326 7.845068977533518e-2
-4.8019699800200044e-2 -3.799142232011943e-2 0.6054623378090587
-0.31688456411663946 -0.21834277212562536 0.13438216288726576
-4.643442868222747e-2 0.40047752090706623 -0.10081482134369679
-0.2131191638814931 7.148169785487202e-2 -0.10500181347213555
-0.15096566053315508 -0.48563736530091073 0.20001480314422507
-7.06348396632287e-2 4.95601022597153e-2 -0.6070901074513411
-0.3372903791338693 -0.32659336451761645 -0.2425263653386369
0.112600407564167 -8.152740406216397e-2 -0.3429059618346959
-0.62702363493378 0.22596050186798766 -0.32438477810822636
-0.5705834199624269 -6.099815949284526e-2 -0.5710394698016907
4.2346308481811756e-2 0.3497213224016117 0.6168250315828929
-0.10925191173948612 0.560692042686374 0.22040354320954228
2.0773557404892395e-2 0.44339394142821287 0.3881964156514488
0.22162622058681658 0.23850026728260187 -0.367556409710296
0.16117271210607675 -0.45924821843774344 -4.58847233762254e-2
1.7378274792644866e-2 9.090188705261792e-3 0.20904629647832573
-3.7414821022663025e-2 -0.28071238358823036 -5.8568494921711844e-2
-0.28700073765067424 -0.4536240480530924 0.23619217183180308
0.17755942646577938 8.756129671119406e-2 -0.4845241305745092
-0.15145159948315623 -0.3400195547403724 0.2359038794887749
0.37050020386881244 0.18296494168300315 0.14862395363097602
9.994798444708719e-2 -0.1770305831141208 -0.3679040078733782
-5.533600881187595e-3 0.2463786457526772 0.10121567763880353
-4.407131643935547e-2 -0.36048523253814924 -0.17136044772396974
0.23215043446154104 -0.4737283030216748 -3.0381813699254523e-2
4.680929461921601e-2 -0.11775936651758578 -0.3668898744517356
-0.1136415108797515 -9.091965542889291e-2 -0.37144027281406
0.3699722374977168 -0.1774216216726281 -0.23913799933344826
0.7007028284717476 -0.14466035692178392 -0.2955235717693967
-0.31893358653033865 -1.6964444984970628e-2 0.10421943117296883
-1.8008521528030785e-2 -0.44216168429589287 0.19110455259964843
4.98012436528803e-2 -1.968831347606237e-2 -0.5926127607103358
-8.080281127029831e-2 -9.911135291698092e-2 0.4588305104148851
0.13572333610104947 0.624497154766054 0.2866747186232183
0.47871755467543864 6.149393952049376e-2 -0.5079626717010073
-0.33541867600301334 1.2013318836248787e-2 -0.12951807067703608
0.41809963982349196 -0.20927132928165415 -0.14687469294818545
-0.21744060856711633 -0.17375360573558019 -0.3312458527386577
-4.82519120461149e-2 0.4000814094197569 -2.537659033676684e-4
-0.21297008897057768 -0.11587548459415764 0.28236546826374814
0.543232616920884 0.29397208089910076 -0.20626995954562918
0.46468031474328386 0.21805399594058805 -6.179927132971509e-2
0.4519259733073041 0.30279600021791786 -5.2372224600209086e-2
0.6080905527278876 3.9684806831557506e-2 -0.6140272630585801
0.3470036303567442 -5.896044386121679e-3 -0.517873661355505
0.36146553425897265 -7.962806022672075e-3 -0.10261119917505557
-0.41661533355324165 0.14187912862720164 -0.46890967182025184
-0.5109525635829052 -0.1410161583993882 -0.1993556020205303
-0.29987811252747354 0.3002073364286907 0.2427918532497997
2.473746771007035e-2 0.8743228790619076 0.550301059130376
-0.18458401570320138 0.4775715572513096 8.899454716084775e-2
0.368590737753669 9.826432435793997e-2 -0.24780733285923284
0.4302931544573332 1.3329636857746241e-2 -0.682511781063774
0.5338452241988358 -0.14144896701761933 -0.34055636237145337
0.13483416482571697 0.18885575272041355 0.19382574250989365
-0.27877203303811104 -0.1117877315414838 0.14049603745003558
-0.4220978106820561 -2.300073067156294e-3 -0.36851189551763186
0.16140873065720462 1.5028672699446965e-2 0.25975281135162875
0.4174630709780526 -0.37780411164298655 -3.2487228861828976e-2
-0.36384761290601286 2.1885008464017197e-2 -0.3731234358388844
8.026013232759166e-2 0.13360899662846049 2.603156109069804e-2
-0.44027757507317744 9.625229586996575e-2 -0.24305271407751144
4.284528359448814e-3 -9.324239589385996e-2 0.617403511198273
0.28035996659977624 2.4672714520707073e-2 -0.4974054514543593
0.13068645768475784 -0.8150894677393662 0.5097749334528017
9.878416114437383e-2 -0.3569049756105138 -4.914000284673642e-2
-0.19703616049476835 -0.22482384947985956 -0.20092075496537087
0.1250112897118837 -0.32472398145469994 0.40791488344652305
-0.1327284492960623 -0.4134677702855267 7.048042220932971e-2
0.35901819427122506 -0.14385468826163195 -0.15688987159675516
-3.810683636640144e-2 -0.3105879106240572 0.5223176706641229
-0.13846953248681293 0.2081904921274097 0.43115728079039084
-0.11097414143872908 0.5751365116879223 0.29966269306328364
-0.4201585108032574 0.19366437859285435 -0.32020391267991344
-0.18363465559657677 0.2710515860870494 0.28030845279381217
0.27829806017096237 0.12078365288573334 -0.14679263275517107
-0.12278375523028218 -0.3026511329713448 -0.24197311875859107
-0.3652093722134949 2.8231477020770446e-2 -0.3855516356351869
-2.6006524571664524e-3 0.22947183942032634 0.3502396635872103
0.28764891023376005 -0.2657194937699663 0.20839629969723172
6.215185006072077e-2 0.22209039420668653 0.295276809172053
-0.2776033069973153 0.3423823474590978 -3.938507504471843e-2
3.2294730208988875e-2 -0.6021881589549303 0.6117151775983194
7.638364126439134e-2 0.3854420100770123 0.4554640484963477
0.33997903256930573 0.10808861563142891 1.0691879973479423e-2
-0.12264767391265219 0.2767489425590738 0.36780867253840255
-0.3698187891012653 -0.29989069881701835 -0.2562573125888886
-0.20046283478861515 -0.4244044586123267 9.292766616169007e-2
0.4674807756122189 9.079093698836416e-3 -0.6202765104129861
4.253537620008374e-2 -6.53469570820906e-2 0.10922863359190976
0.30839340354504596 -0.12281662644944213 0.16335879929718564
0.11487638126417787 -0.3679966759100518 9.570825261311522e-2
-4.018543858265056e-2 5.485261328597568e-2 -0.32031690618773295
0.3124545018681376 -0.21760791438115923 0.16323444295969072
-0.26347055467052183 -0.6522517443437277 0.24790286429472688
4.537086773643684e-2 -0.6029256392159013 0.6044216613469301
-0.30050850471826795 0.49107138192973043 0.18140232861962513
3.336442893960456e-2 0.5240706024786154 0.1007238045144513
0.5135354077497327 2.833716784956497e-2 -0.40893430656669344
0.4079910964446779 0.3033223021286521 -9.008409474538612e-3
0.3542942594651277 0.1306477665904564 0.16187054489169558
-0.18096409381432854 -5.930670214728029e-2 0.2588916557867309
-0.7036609456550081 -0.11578779375397763 -0.4825994264039339
0.13029142215824374 -0.11415274639813744 -1.498151534980699e-2
-0.211110382618509 0.2970255351079396 0.3777307360920201
-0.3793464984377778 3.820568416393333e-3 -0.4267420578953367
0.15541516531944322 0.24255305757620882 0.25232375688105013
7.554782171390995e-2 0.6902192748027233 0.37795627169116547
0.26520376191672346 1.2767718249509508e-2 -0.12047631827605551
-3.450134891553136e-2 -0.17865451589352055 -0.40257841424720975
0.16444461840372915 -0.12462434354300167 -0.1560263282690139
0.12143758693831386 0.5158814153697596 0.23299490227287709
0.4161407145136796 0.11847085351261344 -0.25570452548726696
3.8784127460515516e-2 -0.201458184664978 0.5452393311309277
0.19651169392941736 0.12239406259382757 -6.1401554219388754e-2
-0.25144312585086903 0.34692817290519995 0.22288558276695697
-9.446224982985718e-2 0.194038173643018 -5.154406281384805e-3
-8.676680486973931e-2 -3.69841794403859e-2 0.3481159396401745
0.27503133564401583 0.2734190294592834 1.3064743028915679e-2
-0.3351082895365374 0.6064118338199147 0.20745682477202687
5.1722996668009724e-2 5.8428039761314166e-2 0.14276129565567355
6.06107033648241e-2 6.53581913998672e-2 -0.17160900580229327
-0.498732518524031 0.33749125393312673 -2.5525021035723412e-2
-0.1566354611603764 -0.4287354801066656 0.2962719591760194
-1.133190986519561e-2 -9.49654611442694e-2 -0.16337565512068083
-5.301530039613278e-2 0.11069480490102068 -6.301436579716094e-2
-1.7028802527548348e-2 -0.16490583686113502 0.5566715526991313
-0.17641203651742987 -0.48866964743933183 0.15392103055023973
-0.11800082466619832 -0.4569901149137465 -3.2572118253628712e-3
-0.22226201352787045 0.3593111803556167 0.2285959862321154
-0.16889500083609377 -0.4830918758503143 -1.3336207258893007e-2
6.302832132503966e-2 -0.20734553069529638 1.5291944065755902e-3
0.257596072241846 7.709748210898759e-2 0.14653609507910792
-6.1390459408443454e-2 0.16472763127235612 0.25557049125975895
-0.32267148877722585 -6.265828513998151e-3 7.113993663441698e-2
-0.37124842891090204 -0.21866731859532973 -0.2585926688164306
0.48589608922746363 -4.734342889870413e-2 -0.6146335386062142
4.542225897478114e-2 -0.10596594189193997 0.47252885176929893
-0.27513094788601766 -0.14360097536082994 7.945959538816649e-2
-0.47313851026090037 0.1834950674725847 -0.2266316569264694
-0.8218857411828547 -2.8929424826720562e-2 -0.6351555491671927
-0.3930560341227213 0.5586781367165453 0.12251429868635211
-0.7381698961199323 3.0669221361165455e-2 -0.39792165169505034
-0.38538544038611333 -6.633826689389244e-2 -0.463043587444631
-0.12927187229808035 0.12734206753109656 -0.1835609394500564
-0.37947229077748434 -0.13218814470196105 9.782501869280646e-2
0.31456476990451476 9.196395132013546e-2 -0.10922757174265396
-0.3043423843921105 0.29320214119927357 0.13163993953934772
6.816840788598677e-3 0.35704467166160847 0.40840243832605494
-0.11631493193761078 -0.14052274616136995 -0.12592890354889197
-3.43171161169874e-2 -4.00834573528307e-2 0.3279982112245966
-0.40912210504243174 0.1973241141208547 -0.10649293358122025
0.5316109251220942 0.4352891755456003 -8.732584936993314e-2
0.16012956712185578 -0.5707919270938292 0.39121796816397525
-0.1007529610235468 9.069788943317014e-2 0.25181410895090567
-0.42683634412081206 -0.25198202301555206 4.2072913729100464e-2
-0.2893584208418928 0.6769378272417509 0.2616209332413973
-0.13993300685501986 -0.18671258612725772 0.23127955180910367
3.960049140149635e-2 0.14913358183279846 0.272689434200705
-3.2123879228111996e-2 -0.39762816856561245 0.2837584578766862
-6.844039621874665e-2 -0.49046482898565624 0.3431090637639266
0.19740814552356434 -0.6425766319478328 0.3332014373763108
-9.979413024104067e-2 0.4357709714626622 0.1265296670282745
-9.94574441802838e-2 -0.13511585469988496 0.49980733753182316
0.22411848271818258 6.368307572210075e-3 9.682546143028836e-2
-6.072172927156527e-2 -0.49244398659852273 0.35810804876869606
0.26933193885130846 -3.2241091993735926e-2 -0.40010024304076297
0.3161039317762603 7.23826031043936e-2 -0.4366732844845964
-0.1241386585960278 0.6441768714284939 0.4436231375608031
-0.38692127627545525 -0.28357016964646564 8.993373410660141e-2
-0.24205092920557747 -0.6248523838394229 0.3422791267216142
0.2902620182487764 4.185837791899527e-2 -0.24123014760004957
6.595656269419425e-2 -0.4712684967020424 0.13153655861319155
-8.096460409703843e-2 -0.6412708329202688 0.30325180062325363
0.6108002132307411 -0.20633076287674257 -0.39825116488158113
8.364171942040421e-3 -0.23905941208206793 -4.726702351441092e-2
-0.39627584849345066 0.25508034310135896 -8.945065904773652e-2
0.13692121316770178 -0.5299167029580911 0.3090142949933675
0.34871936848312524 -0.13376280798861384 -0.3192784281050472
-0.2808800489406943 0.10235975318080281 0.1400284529922231
5.578287674685811e-2 8.23401382366874e-2 -0.41396602372043634
-3.490067218093085e-2 0.3133043531144295 0.1948198638398252
-8.456817847960929e-3 0.33079327037953976 -0.13814157151690615
-0.11991535890522487 0.22635790629268793 0.13313370925549675
0.46876906906848415 -0.10574078985927426 4.0664483119124684e-2
0.2318942878498098 -3.987171334149253e-2 -0.16508524323766707
0.14862816817521973 -9.849445166968396e-2 -0.3555615798040144
0.22369448449601148 -0.19463987074866462 0.31231066389442985
-0.25091482538942234 -0.6863593191319785 0.27990897590002983
0.18418107706095943 0.21884183268992563 0.11494558323912707
-0.17795822888711632 0.5019456042389844 6.5695043065363e-2
-0.5941228485040778 -0.2644736661907344 -0.19154059583288494
0.1515631112268263 0.14355397764559896 -0.3875793278790691
-5.633285788116882e-2 -3.4924357778362e-2 -0.17824208074268597
-0.15319094559990087 0.17074103773192018 0.2565105695631208
0.37234292152339743 0.11838874943425248 -0.14527642077770986
-0.4548131987286852 -0.28644607638889585 6.0884598046548e-2
0.6267960184048964 -0.10343079021438273 -0.3030342152455536
0.2580696640646002 0.38598867119300306 1.7784899808852513e-2
6.194093417771118e-2 0.2582629812488003 9.630970508749735e-2
-6.192650327305793e-2 -0.5546766278842211 0.26990166398181137
-0.469673744017173 -6.0498291219260425e-2 -0.4334029304910359
0.2138675577880691 -0.25134274138851675 -0.24467103527627598
-0.21425393365198586 4.327202303519739e-2 -1.0306738451877018e-2
0.48242695504812116 0.14185415685393699 -0.4893971173716091
-0.14984998169710262 -0.4783589366695318 6.607282194656983e-2
6.550358367192199e-4 -0.5015529901077096 0.25108635449030525
-0.25911087218299844 -0.3002640126464895 -0.2133855166818834
0.27635688018423143 1.9141110526769922e-2 -0.6712755018319949
-0.27498026115753216 -0.10834855706203428 0.27280299790180357
-4.37780902485424e-2 -0.2651489562215633 0.4854514985925703
-0.3226841916751414 -3.169814935021964e-2 0.23481390823993964
-0.1929695169365988 0.12424742805722322 0.3137201799597952
0.4179571737288549 -4.694468578395561e-2 -0.2506312320798474
0.3268196419745645 0.28468180543026833 9.772016320093599e-2
-0.12819830707373903 -0.2735911683015787 0.4996276593163147
-9.467164150992169e-2 6.751966829190936e-2 0.31219729605964675
9.05972277313839e-2 0.3705301890014753 0.5459632137191714
-0.5432558938643857 -6.289500179413121e-2 -0.43481035426097076
-0.4769330322119606 0.21104090572213952 1.9759606593567583e-2
2.637223022330304e-2 -7.883873701371147e-2 4.563162403593335e-3
-9.674619717942012e-2 -0.4427701712597203 0.20748833202726802
6.159858936254936e-2 -0.3216260799086915 -4.504231466387898e-3
-0.3207956173671438 -0.24482985152374281 0.10560944798165195
0.3738534551141933 -0.3338040927315108 5.992759043524087e-3
7.406369530487988e-2 8.449888591818011e-2 0.43192836727436423
0.25503088693815157 0.6300746879050924 0.2816294835619707
-4.325584043591513e-2 0.24969093582743995 -9.647836397755197e-2
0.26004337658947696 -7.771801995199223e-2 0.2669125555806636
3.24023054069873e-2 0.2650245576394199 0.11132165445686372
3.437064890450903e-2 -0.2601460516667329 0.5010097383047437
0.2382705282247377 0.5775415894659564 0.24561966807024607
-0.30222087342736936 -0.41244116001703535 -4.432966828348539e-2
-0.19715302765979903 0.3088312197051286 0.2757903816676902
-4.800309043616102e-2 0.6013859908835744 0.42470783081222807
0.31799623717333403 0.10514704589401336 -0.5349638064800963
-0.19684734545491778 0.48963754374342416 0.26112899961703395
0.12280079053642667 6.2210987478087065e-2 -0.1308397030942416
-0.12034339886173051 0.15347341088914168 0.5202357164377458
-7.567578289096755e-2 -0.24668343199156606 4.9279786523227925e-2
-0.18829499022923113 -0.4507163706796934 7.626622932204785e-2
8.538691011146238e-3 0.2073767314818562 -0.3545642088915515
-0.8430727026633605 -3.436688174303415e-2 -0.5650842128697199
-0.14186838597990892 0.4125317020301086 -3.261841871414744e-2
-0.3386829644339102 0.24225816102548192 0.17445163664212926
-0.2645717652470164 -0.3031722699804308 0.23038176543227273
0.44359811090942836 -5.83106690323546e-2 -0.48174120752838234
0.3382073195866172 -0.12111561794428571 -0.48093719606560115
8.396186313845366e-2 -8.048420423715863e-2 -5.028789826849828e-2
-0.5881849667344194 0.2590172690215009 -0.19362422933701984
0.16691093696704262 0.2872883706689754 0.3790671242891078
0.8526390416142453 4.643313823367912e-3 -0.5103946648920942
0.11269019777358802 0.32225838646730354 0.49399212520406144
0.27892814807774424 -0.3622671437907935 -1.1593464809271481e-2
8.6697701397076e-4 -0.1424475108341322 0.5023995022297154
0.5226800998603299 -0.2005456556285269 -0.12893780738460822
-0.31188969902210106 -0.1446543140448967 -0.349102223804131
0.33336034975717366 0.11652602323996264 0.11560412847068913
-1.2620104990335612e-2 -0.3540421015620814 0.4584940577550255
-8.668790987872654e-2 -7.785217108533304e-3 -0.42145635613736143
-7.936304497396673e-2 0.16451434488087535 -0.36601492131900476
0.7251624227883855 9.885673251941673e-2 -0.5335773104981358
-0.11113784348950162 -0.4445719605141376 0.27998554954296545
2.3756270561601456e-2 -7.424036678669976e-3 2.1842173209953186e-2
-1.8149914950887358e-2 -0.48497898325645983 0.16081146585558312
-0.34890469182275985 0.1654282815966588 -3.938436860610961e-2
0.4540160816423019 7.770329403698495e-2 -0.19545918033306134
0.1271135193293491 0.24129572229489127 -0.2488760628819298
0.17820939589922025 0.35864732292525303 0.12533272511284668
0.4569650834555996 -0.15813206125950074 3.321524936889575e-2
-0.11852231522467582 0.23902428651758834 0.36027713291775204
-0.3204073208682645 -0.29426935730112747 -0.20208038562297626
0.3533112929681924 3.918095523784826e-2 -7.503351697700406e-2
0.29321890405849693 4.21631659670918e-2 -0.4093802155472701
-0.4813090377967799 0.2670699560819656 -7.102895036857551e-2
0.739717352232254 1.2348592078547105e-2 -0.6809636224553175
-0.1059841689148836 0.6472588867353452 0.43715009203804045
0.5873344571920278 -1.2946247318073256e-2 -0.489587141779447
0.4116263150786079 -1.4614951340205629e-2 -0.12293348646923002
-0.4853031315722217 3.139983711319749e-2 -0.45549475592798017
-0.2018520404203531 -0.47235262102293174 0.31487971490991595
-0.12743877666898884 -0.10658420235351862 6.305208867752812e-2
-3.3980060065669115e-2 0.4442785027146795 0.4753080487156359
0.33743476582650833 -0.20175642238586577 -0.3992361594555016
-0.4007650483471469 -0.1790752665618004 -0.294759822999361
0.39900219525302405 6.599863460777566e-2 -0.24447583062925965
-0.2750868835200806 -3.515600336558755e-2 -0.5913139853679009
0.3889304308074759 0.1132769965503706 -0.1857771278582877
0.30035580903043146 4.862084916350162e-2 0.2070398617115264
0.6181684728911007 -6.770998274347684e-3 -0.5185980786370308
9.408351239650736e-2 -0.5034023121169329 0.28490770659873166
0.8317743799542932 9.733906790472924e-2 -0.5135463255563867
-0.7939969103468929 -0.17584141696338595 -0.4563141634395722
9.58214306276508e-2 -0.15259830644959216 -0.11062704265463894
0.12303965298198327 -0.17704701556801772 -0.2780672639649129
-0.4147537501376538 0.3966503610712352 -2.4497040807206914e-2
0.48869165899161704 0.16961341621571147 -9.275377144859731e-2
0.24835237521918263 0.21821466606014173 0.22205346329539485
0.2863202381751643 2.9213020969346748e-2 -0.3369472389502255
-0.24858469266156447 0.11764175641793728 -0.1906539569663387
-7.453338937668275e-2 0.2049726816388001 -6.6547222541757795e-3
0.5577693110271207 -6.611023718060216e-2 -0.5886882106933973
0.47030479476322706 -0.4073536054363731 -0.10009781887128255
-0.2791735829416264 0.14178733282017597 0.22165283131076832
-0.3753323683280917 0.1677151070090207 -0.4544289811416695
-0.3430983424190954 0.1956450052165899 9.47085454573173e-2
-0.40174468545848774 0.20911387977585927 -0.13850048721676522
-0.13628284185251582 0.2011542024329659 -0.18553865807255926
0.2578745584156521 -8.257513799580929e-2 -0.32066426088476163
9.862917129730964e-2 0.35933091158480124 0.23040669806974168
-0.17837173498236092 1.4127667337411443e-2 -0.3954247078402682
-0.15103747463695683 8.235665289460681e-2 -0.49941847967652225
0.2365826943453323 -1.3656453458411044e-2 -0.3818286393822201
-0.2060919554883437 -0.33448681252443324 0.1313889691311222
-0.26671249845838463 -0.32249706332258343 0.27122550452732186
-4.5662016333162025e-2 -0.643487885207686 0.5493568986992051
0.4330683921429188 -0.13006617186459457 -0.2655043754684258
0.2678173398625011 -0.40290636497628485 -4.7402083288465846e-2
0.29812569072348416 0.1759102304156197 -0.3087925462084631
-0.19850029648227496 7.39164459303644e-2 -0.4874944083256418
-0.30981738813423854 0.13642220777946235 0.2274108600272539
-0.2440490891688526 0.43924734092356077 1.2048539132025471e-2
0.14593417103181827 -4.7164190758997915e-2 0.30334384136006953
-0.19324003483190344 0.6855724258005893 0.3055018293227431
0.2899857783965937 9.552895052405763e-2 4.1293726638009565e-2
-0.7309137389957221 -1.082449795664564e-2 -0.5686528986133325
-0.5203623666605183 0.1968367959081353 -0.2526601112171487
0.18509130127817175 -0.34109660685098253 0.4276593307987967
-5.634684556961134e-2 6.80843916470778e-2 0.498628021137154
-5.15138489203788e-2 -0.1057071755869805 -0.4040847072967036
-4.851723157995502e-2 -0.5289572966272521 0.47669906485174196
-0.11250581086207112 -0.37856438522934255 -2.6436039571267056e-2
-7.825769485287681e-2 0.19530237933551797 0.44093846666371284
-0.20449506949708607 -6.620195435186893e-2 0.12278513931347482
7.096505028880373e-3 -0.21600067381844734 0.5770295811610078
-0.6616877532104031 0.14237054624265344 -0.33041639930882544
2.350231983108997e-2 -0.6057181990223071 0.22803092519516924
0.1024280971841226 0.7171309020874123 0.4359501340709468
0.40540523741298273 4.466826883104169e-2 -0.11295322058554169
-0.4316672994279843 0.37289537612593693 -3.460028211616731e-2
-6.799614175522173e-2 -0.3194595986944857 0.3249261918400932
2.6753208957438712e-2 -0.7178209892051142 0.5576548838620288
-0.6585856107055538 0.13084560956555513 -0.3733466648871643
1.015713896749415e-2 -0.3067667460838164 -0.2221499015791875
-0.26827468339788196 0.20976257732836023 -0.24761219721110186
0.10155513388952553 0.22851930890779615 -0.2399561302384434
-0.16782447176351023 -0.18215443381936236 -7.495183102719483e-2
-0.3505015286009201 -2.8478302753077056e-2 -8.005919862544852e-2
-0.1573684264059788 -0.5977258865523746 0.32420391379947516
0.25077661404064777 9.185086758038796e-2 -0.30249633089152517
0.17759147712397028 -5.3974415992282254e-2 0.15272470384344883
0.4114278263919746 -0.25180325812924154 -8.063917611384702e-2
0.47171754323557047 0.19440546790377167 -0.3379045319930509
-1.2669323460752668e-2 7.71374514549783e-2 -5.312107346783801e-2
0.10057471540322405 -0.1003583751495426 0.47468433772210517
0.7197054065809616 0.17451576782357137 -0.38118460390444314
0.743483974216639 0.11827206309591753 -0.42882605475985386
-4.6848505016582664e-2 0.2594347752569591 0.4686840868957176
-7.002079822218132e-2 -0.509553597753387 0.39540284446512003
9.31296652095237e-4 -0.1358946125239927 -0.21217826910749846
0.7248332751290129 2.546295483067318e-2 -0.49463418784261415
-0.18707700853380138 0.6500730023950094 0.4213143545179698
2.594225122129068e-2 8.547321415798781e-2 -0.4798714071745536
-0.1250256015666068 -0.18813709581877813 -8.724252658441978e-2
-0.1979652564700467 -0.4676998195165063 0.20149355602743843
-0.6275861969420297 0.15299340677160933 -0.20282220662562253
-4.923251288574182e-3 0.4000479737396596 0.1329194650120814
0.13994737116715172 0.12039443039222242 5.943565930285899e-2
-0.31379730437989595 4.278047857400902e-2 -0.49368750783802295
2.2634712195514606e-2 -0.18524675886917152 0.6570455487844742
-0.20792769311043435 -0.29765553712334114 0.3302816506037467
-0.5362685430699098 -0.2211514569189431 -7.26992952638277e-2
-0.14117208667224934 -0.19690517109936156 -0.37629249098787065
-6.741665041177403e-2 0.10491989741204766 -0.2042225563545973
-0.46521015210669525 -5.509393197474555e-2 -0.406002764261375
4.2805936244392995e-2 0.2603753847501965 0.4804034675757135
2.31159243579786e-2 -7.134418197343728e-2 -0.23334664202979896
-8.065252661842748e-2 -0.25851178174027467 2.332895540410873e-2
8.949378781215378e-3 -0.8283950182885722 0.682635081302589
0.3083682577251149 0.3135190279908707 -0.1845000841330835
-0.2998840193748057 -6.660376056072315e-2 0.12442365621569887
-0.26746711512154386 4.022402829266636e-2 -0.12450484056072952
-0.5118782908323573 1.1901110887104882e-2 -0.630615955492233
3.5758443940364315e-2 -0.2279112454127824 0.10506782997502101
-0.46987595902854495 0.3007548581783025 -3.146950542014963e-2
0.6549026054061166 0.1815513034264561 -0.3454672294073493
0.12207719731910327 7.813672482631318e-2 -3.0386169775174943e-2
0.1491230048815303 0.5608638257163633 0.28014256073100446
3.354755953350108e-3 0.11978074544338313 0.3479068526219278
-7.831555587153838e-2 -0.6181633225616535 0.44524718912983724
-7.712241239999884e-2 0.7176713894318129 0.43890839414183397
0.12206600369578668 -9.459498679865852e-2 -0.4616215319832527
0.12500740403622812 -0.3130676631516771 9.874513678710764e-2
-0.28532293789561114 0.27024161340957453 0.2182321480875372
5.5423352702225315e-2 -0.5427880177715251 0.16571771356580053
3.943110482390222e-2 -1.4892147966490077e-2 -0.5400273243621748
-0.12118919469850553 -0.4878828937087616 0.4077936041110943
2.8107658568792382e-2 4.814764180410702e-2 -0.17346063886280746
-0.1278540188457996 0.5016612158849555 0.44356536442662764
4.4072225014932354e-2 -0.6190227014261347 0.6409734819699167
5.0599571275126265e-2 0.3323591525022661 -4.656402952389124e-2
1.979548281107024e-3 -7.94436480343842e-2 6.30695841954288e-2
0.7540820554938331 -0.11063862305471572 -0.40883386587461235
-0.42087351216002666 0.21992983195564775 3.14052026816051e-2
-2.5355230901724868e-2 0.637198198485091 0.5971184145439825
0.27764007207110897 0.44365525622050295 6.58276887288324e-2
-0.1710023844088283 5.727302120137556e-2 0.13118691817665484
-0.2548271157403378 0.3343498984069676 0.2052050864480972
0.14087752419718225 -1.4700033876198226e-2 -9.524065042651442e-2
0.20851549125451874 0.42557072781075933 0.17967732783020784
0.30930836003787754 -0.18600980648285736 -0.38036341629002973
0.3924540168998303 -0.2736354289409648 -0.21987489437509775
1.9517532714682595e-2 0.5406359695644969 0.46626543406472654
-2.0308680445638938e-2 0.49735433341096913 0.48307004226592226
2.910126114075451e-2 2.0559725612347646e-2 0.1617531389164719
0.3185571493834788 0.46720044302284525 9.163667345830996e-2
-0.3337458768617415 5.260151308741101e-2 -0.2558245937161179
-6.263207612110744e-3 0.4301277414535547 0.15584752125387802
3.1567822688625236e-2 0.7451503036637045 0.4793059772076823
-0.4707701404711444 4.167134195935618e-2 -0.20611541670527528
-1.2997287574374239e-2 0.4258406370169274 5.919562959209367e-2
-0.32838678074265104 0.25376930874475434 0.14017937285011206
-0.31829460305688484 -0.10619697016592722 -2.3211789330235905e-2
1.2516794235832851e-2 0.7385562367729699 0.5794974557281595
-0.48159763164326563 -0.20814734385158606 -0.18625643817695445
-0.10785410720596522 0.6216698645033812 0.2631007587080147
0.42912018454356315 -6.105943965601657e-2 -0.15846782566259532
0.8002247100920593 -9.059759689040281e-2 -0.5607493244673525
-0.40789169907984446 0.5414588448156181 0.11618167574720169
-0.2781732331087624 -2.7333170435459686e-2 -9.155986365449215e-2
8.476122655175344e-2 -0.7694413431719898 0.4271416876030898
0.23748684435999012 -3.42337412835626e-2 0.22951945749794914
0.3586850714805392 0.17430177552311088 -0.1516459502157348
-2.059701263246949e-2 0.4700315374724109 0.12111613224679489
0.2336848481365157 0.37037426329758927 0.14187433826892562
-0.10084672631866454 -0.7055179463442258 0.5381698672096179
0.3145398674432911 0.1077749638006098 0.2064736021463237
-0.2958514111032935 -0.36174096518401355 8.977387265403286e-2
0.3599575030432005 0.22556341532023216 5.109791758791002e-2
0.2748317831430289 -0.5159689692269813 0.2697791093993262
0.19771373562887984 0.3753993442760244 1.9421961603819503e-2
9.914182704515972e-2 -0.2883722652266453 -0.19709933893129727
0.14031990437407815 0.3686860932354219 0.19979837483343899
-0.14178664877341385 0.17411143595487388 -0.44055309772857076
0.7517350552843741 -0.23265206119580883 -0.3772680125300772
-7.202501938605321e-2 0.472430715914568 3.711013216273916e-2
-3.9199622471368434e-2 4.011369217420202e-2 0.4593862383515429
-0.28577023338210117 0.5463201425245127 0.2871165753217316
0.5435244070409306 -7.599565088469284e-2 -0.2284395069444657
-2.555126987738221e-2 -0.27038477079381373 0.46723862396915494
-0.22292517724557714 -0.3572907791702671 -9.950145563440027e-2
-0.4428002492814943 0.16468172850341667 7.9769083211785e-2
-6.040349406967516e-3 0.2583299669071545 -0.10742561009356957
-0.33992931670458604 0.4277790238544037 5.6509819644087626e-2
-0.1288618433532287 -0.4818277779580833 0.3541828021410259
0.20806546394854253 0.3754240710809539 0.26827167478808844
-0.1291177342719878 -9.535539235127954e-2 0.44627453848121845
0.34124554588286493 2.933809861524672e-2 -0.3729676703885547
-0.2309840787137286 -0.6147028215501412 0.24128595968486616
0.6194578785957962 0.28625494014106223 -0.26397907123050735
0.30553020086278093 -7.407748336957831e-2 -0.38786378342152594
0.2759033651365499 0.11353718452414796 0.11857842708313368
0.23956774520424007 -0.3880936809904344 -5.765741036167282e-2
-0.5392902558712401 5.223447051295016e-2 -0.5900313104141834
-0.17358172533712946 0.26365716721273147 0.3411715064455425
-4.614939256156969e-3 -0.1444612012623505 0.5043710478599762
5.316729348069782e-2 0.19698257777626182 -0.3939728097157282
2.5366606402433822e-3 -0.1168389254215626 0.2396148577274234
3.576073412775316e-2 -0.28771179139436287 -0.11011096265602033
-0.1759726606494374 0.42789278635244066 0.44808624778283446
0.1521661235414068 3.740134366710335e-2 0.3125598388610108
6.728921947015987e-2 0.14903478639729728 -0.16696677607042887
-0.4155298955475112 -0.3424388031956923 1.1865024851042016e-2
-0.3650394923242709 -0.25196055373021264 -0.16361513103199024
0.2686453585519907 0.18188149235373252 0.30276285867596875
-7.101398912271573e-2 0.35284103858424687 0.19888461464906668
-2.258449578431354e-2 0.1473994971631316 0.28955789501337936
-0.2767570577424868 0.2220968433100753 -0.3472141968230505
-0.11983514994247968 -0.2656613781794879 0.2756444822370032
0.12932145506229575 -8.624155575159131e-2 -0.3424323529293721
0.1738708064086667 -0.16969362105779418 -0.1442123634322675
-0.33318852549467737 -0.1969154579122845 0.11123490765131819
0.37494108869318066 0.5802913020172128 0.14897025604857306
9.609851328582042e-2 -2.1239605596110933e-2 0.3924325334520389
-0.5253443449530242 0.1225686461741613 -0.21521129734533984
3.032908169421389e-2 -0.2924217741363502 0.401415871551478
-3.571246719080423e-2 -0.3817878103444743 0.3881933403604285
8.076715518030386e-2 -0.14580744106106847 9.266689222863334e-2
0.5717382866462248 6.996571639522275e-2 -0.5044388605178023
0.360968855676274 -0.12831679617331693 -0.10038303471517501
0.1731992006180979 -1.2828190845840637e-2 -0.26259237208457953
-0.3810071357202808 -9.565879978356795e-2 -0.21616586737653162
0.5095157106099512 -0.22017715823958983 -0.13605143995254068
0.10062304288611557 3.0878800280657592e-2 -0.1661572595987448
0.17235247550590937 6.2852872590257736e-3 -0.3873659358439474
-0.15017488415171087 1.9220675564084577e-2 -0.10322510985129088
0.14714145715847482 0.5234728140563369 0.15758580979038062
0.37035681218530836 0.43390178190947204 5.504665504312731e-2
-0.14166696869966822 1.2140587239163447e-2 -0.5748357083143941
9.058713420878661e-2 -0.18957910725949267 0.1853151134765674
0.5124318000278885 0.3015983529490065 -0.18992419167119312
-2.4508836500816478e-2 0.1721827866945177 0.4095856818134064
1.0875170890218833e-2 4.57892150061312e-4 0.653846369051604
-0.25317792744601053 0.6413691330715209 0.3154562405602751
-0.17192338831386222 7.36141544023543e-2 5.5299906090174794e-2
-0.14286379368377 -0.11487085996089008 -0.4435196963149777
-7.885151824517878e-2 4.9625735578717745e-3 -0.49872893431115
-7.223809815974858e-2 0.1625502300064281 -0.15061289917656231
6.745654197017814e-2 -4.857623573462422e-3 0.30427009077486034
0.16622576059254823 0.5430027392129274 0.1184129064870326
0.2695219298554077 -0.42717471131831264 -1.3680223494106636e-2
-0.4186994940570602 -0.23330360084570756 -0.30061994208924614
-2.328899779934057e-2 -1.2741551759670622e-2 -0.5489549760689421
0.1754786084990354 -0.19074068280302003 -1.3886494590451354e-2
0.28643963474062384 -0.1497810311228852 -0.12236013760058304
-0.31569014054192335 -0.2819356919397197 -0.13924062180084948
1.4921112696855143e-3 1.9460086949246502e-2 0.6363659398395957
0.5998444457814218 -0.2807443946164172 -0.22816979220104316
6.73195178286985e-2 -0.4601696617754609 0.4088834193245512
9.089803936510121e-2 0.6157501678124081 0.5405831789433224
-0.3167642289421063 0.30572678450620205 0.13775745027959824
-0.14268386849755943 0.207173001019768 0.18108753014558368
0.1671981391916939 0.4272760463641929 0.26279232717612294
-0.6912511245139993 -4.153932889203571e-2 -0.5123926428429637
0.15775917267378958 0.25113778817838617 -4.914106372934446e-2
-0.34348563250909336 -5.212984140331378e-2 -0.2800063302325819
0.14138749814915674 -4.975157062771074e-2 -0.622529562891264
-0.1124695026266751 0.6128247149791648 0.21666421620648704
0.23907650134673408 4.558169761009345e-2 -0.5845341247790197
-8.496769313253805e-2 0.2437782490366338 -2.350356838602087e-2
0.5497388936084494 -0.2589633948781439 -0.10869264657051339
0.5101491565887326 3.738238485903955e-2 -0.21831743965861056
-0.49961106429580593 6.430711558691582e-2 -0.5147026499130609
-0.15020608461025065 -0.38551372325781097 4.4142892013400326e-2
-0.7332053522768592 0.11428818815537822 -0.46878081000051885
0.49400576552592557 -0.39523855359654814 -2.1775490467051573e-2
3.346625902036571e-2 -0.32374369221386246 0.3214454446571291
0.17761046217212784 0.28853198615269837 0.3992371956484643
-0.25004975378929806 -0.39786402908533525 -8.961494884562538e-2
6.773657440051473e-2 0.10180677818989015 4.7323958921328124e-2
-0.31742944331374867 0.1071947051050478 -0.1852738755971649
2.566406951137634e-3 -0.47528590231193923 -1.3593924635694421e-2
0.6321002837503266 7.330915868323207e-2 -0.3160334210158556
-0.10273089025875248 -0.233850620068766 -8.590818989729088e-2
-3.970805577704828e-2 0.10804309647337795 0.4066689560908777
0.3154096128717052 0.1632279232128624 -0.19851551664222267
0.19999048776538353 -0.52461044031367 0.23337566105225618
-1.2168104134390845e-2 -1.816704392285784e-2 0.5187712123290094
0.16195156723684256 -0.18864992596930374 0.46716689793359184
-1.2875396240309311e-2 0.25435396985081293 7.002797488228578e-2
-0.10263424103929009 -0.11135301886681959 2.7129518560850413e-2
0.40591546066717676 0.2819895054866034 7.541994204472019e-4
-3.1262416732478204e-2 4.093769541419956e-2 0.3660841198606729
-5.8184934493496376e-2 0.15263470275196522 0.5129918947612533
-0.1798375455314315 6.039468872835241e-3 -0.16268972671301027
-8.267214691177416e-3 0.4145782833385624 0.2916425441518715
-0.3892353565056187 -0.3004359470433905 -7.319980359595185e-2
3.82580581024442e-2 0.24494182476351167 0.5694371423281079
-0.3221338041648908 9.43386800539282e-2 -0.23057079622950014
0.3581467105340489 -0.2651271415082933 0.1500061380739971
-0.24225757064676312 0.7058642171453684 0.3498221156187943
0.23882501012885127 0.2668765041299136 7.234909051736604e-2
0.34437078710037483 -0.18658325801119402 -0.39437282595964995
-0.1482500164716989 0.7389260746406054 0.40063754768661414
0.19576685664747517 0.5673040725229271 0.2862785652140562
5.2226948905254145e-2 0.2472031836086871 -0.3399375372298552
-4.0617554090096486e-2 -0.6176560272395558 0.26652353580087174
-1.4820724504302052e-2 -0.305337061013759 0.549620688775661
0.5465089736433204 0.1585540267483101 -7.741938405356384e-2
-8.13227727984489e-3 0.42526617967231095 0.2922139824011316
0.3193802974657458 0.4490407059139414 0.16535491589296603
-0.2998582290468007 -2.0409357356665492e-4 6.45553690120072e-2
-0.42353453986416456 7.451153609914063e-2 5.018715098877424e-2
1.817907859101975e-2 -0.38719379423347944 -7.130567157485079e-2
-0.5152490669030897 -0.15698400470517015 -0.392963657576469
-0.48918209259837786 7.526678872756687e-2 -0.5559531655552152
-0.27369346381782456 0.58342958036361 0.18135048016615068
-9.258212655784526e-3 8.977310313865439e-2 0.3183490322095265
7.419926314854797e-2 0.24399254534562864 0.3284909625510651
-8.678386833492058e-2 0.19842700876769703 0.4851653194008143
-2.913148499457119e-4 0.2842696838129197 -0.13329548860006527
-0.4515905703516262 -0.15588121079957784 -0.189077966543008
3.842534956194854e-2 0.16342317625449565 0.5448241339214742
-0.789550190268653 8.350275139997532e-2 -0.41772064076919735
0.3826930093347176 -0.3205087299296956 -0.16193041432053804
0.5896907556971337 0.13611131927389952 -0.49572678891639443
0.1615700389040602 -0.21761648693598978 0.22527496975753072
0.2299644470346205 0.17803170611344443 0.12090564034914886
0.47055250095380774 -0.2770806616992153 -2.0721443865281353e-2
-0.11906059286069248 7.321627037568579e-2 0.1525839632735995
-0.2679563995157601 8.117011282488384e-2 -0.46332762103902225
-0.12554362806789132 -4.1766118952330955e-2 -0.3183251102175247
9.158482945791246e-3 -0.16757042135867695 -9.83849290235918e-2
-0.4688689041560996 0.24824279414992878 -3.125018366499689e-2
0.1768022166773897 -0.5585273006117246 0.2822526407511789
-4.720822334173258e-3 0.42208610593908813 0.30703073397999675
2.282487012511225e-2 -0.5292902923454715 0.5025374917214482
0.36210423787678847 -0.42474182236394253 6.0748578977933565e-2
-0.5368617848954989 -0.21339617618312956 -0.39728322675174893
-0.1406846172997106 -8.130479428551285e-2 -0.5302181867847287
0.29130943077558 -0.25773981559114023 -0.21710889795164856
0.4566103350323759 -0.12560454416549283 -0.17937684178731425
8.790366661659743e-2 -0.7244302064181206 0.4059120211874876
-0.39319882592677136 2.5388787594219142e-2 -0.5277855839035392
2.879175592545513e-2 0.25944913156244787 -0.19981028894681277
-0.27101538197982733 -5.5007998066093355e-2 -0.4799123987191733
-0.12272566157382603 -5.6022257389376606e-2 -0.45218231317343155
-0.3118257665216546 9.929392134702919e-2 0.19801030930146166
-7.1763350850646e-2 -0.5999104691632912 0.49509111815860823
0.3258510947130032 0.24181808774315983 -0.17661457624102628
-0.4307099740374227 0.30206400763328434 3.9715303633070395e-2
-0.3996608613217434 -0.17297708001502587 -0.3338786167383143
0.16999418988059156 -0.2533942760075726 -0.24084220522033203
9.389047337419731e-2 0.23496261501895688 0.19083282846391142
-0.5652532573690922 6.402277172155169e-2 -0.18672466846069485
-0.23775746537323794 -0.17335970251203037 -0.10604370652915485
-6.594469192511787e-2 -0.3736542190190919 0.1587177593313739
0.2607232393336586 -0.568908486925297 0.162574947644126
0.12152046088205981 -8.18215661352909e-2 -0.18203791345180476
-0.23589105834987412 5.349939447752905e-2 -0.56988709765242
0.2710506960875857 7.702865302165496e-2 0.1073099330140791
0.20088566659779983 -0.4411712787858788 0.4046003895668856
-0.21471031754644465 -0.3251206379192466 0.3624247360378007
-0.15802066904872258 0.12806393860663523 -0.3443162477152546
0.169427153554774 0.6570171664382616 0.26108794531331087
7.411438728382014e-3 0.4405338818864316 0.4012088567671357
-0.1153234103573374 0.16325907948686458 -0.32316604844542374
9.056040148951117e-3 0.15868147801368748 -0.23836806234144234
-0.31521777457884537 -0.24075404068340012 6.908563766946596e-2
-9.35451715120117e-3 -0.4651055132134899 9.040105314420388e-2
0.49943939535542625 -0.15162416725195593 -0.21219201569827992
9.730169297535984e-2 0.12197924674483329 0.46844488986827015
0.2782589030130257 0.1549823745095099 -0.47852773219269995
-0.11620961281307773 0.3852675341455355 0.41200221699071704
-0.5798292330503778 3.9502210650428804e-2 -0.25934064681612834
9.881333554095906e-2 0.19239577996072765 -1.8839500972165843e-2
-0.1603197686085679 -7.932543270224757e-2 0.20619617819880054
-0.1675950204466855 -0.28186581863442506 0.3229300063056344
0.407464908366878 0.5270689866619955 7.939719549832049e-2
-0.3664540581408334 0.1558377860663419 -0.10704702947315929
0.16852195875368858 4.60527398101529e-2 5.7613892801980704e-2
-0.3014680119123905 0.49305488300676337 0.11172587191585462
-0.17642824824908354 0.18141589648071088 0.42993173235654153
-4.340017169681443e-2 0.13307346613710758 0.11992182007362054
-0.7466027034255405 -0.1023082641584907 -0.4110077004889254
0.22928111754139102 -4.405846990207041e-2 -2.1031502537356556e-2
-1.6020845998008237e-2 0.6791088009793518 0.35753268926590254
2.4527831032201686e-2 -0.6237745921729785 0.46402457513754625
0.3605861162792311 -0.42063674855248523 4.355995366231824e-2
6.958403044513606e-2 -0.4124956049712094 0.21578717310614667
0.22086874650545207 0.5280737743823923 9.947016865033785e-2
-1.772296055553846e-2 0.2988473940643941 8.691770038265706e-2
-0.3376247219463401 0.49148001006273756 0.1650048045812953
0.8823283709626017 -2.4596891477862926e-2 -0.5737537652203013
-0.1923172467486911 0.23253878740055645 -0.3554523682074531
6.617240528630941e-2 -0.1060665962961177 -0.52720331834337
0.5475456200970124 -6.421169589420073e-2 -0.2865050163376711
-0.44508362351893804 -0.3483737703249602 -5.5636875874281455e-2
0.5560739223602982 1.8301971414127927e-2 -0.32670937304557873
-0.15156414636461946 -0.4476697631754568 0.3975982271110572
-0.49184036008008614 6.079360952256352e-2 -4.941002097637223e-2
0.20644892165118645 -0.1634865830941592 9.164802683295328e-2
0.10523851293166231 -0.23886767811344478 -0.2012336738311917
0.21448295439544784 -0.6492128527205769 0.2571542127634491
0.1608757975045375 2.204497531307903e-2 -0.4639525120930348
0.2475241484350147 -5.501153913724621e-2 -0.4943990763329654
-0.2098744823915225 -0.35900967634440717 0.34882736763025607
-0.3550559318635921 -0.15241315396176647 -0.21165236985423216
0.6022958260122683 7.395693273576331e-2 -0.2773515804898223
-7.743219303392046e-2 0.38701433534009266 0.5546560708718212
5.981958023537293e-3 -0.16111795384527305 0.6890561168991216
-5.5606060204133834e-2 -2.368664962778e-2 -0.4066593216388702
0.4987104344119626 0.19460572739383175 -1.6731429145558488e-2
-8.897319970553019e-2 0.2666069283412432 7.84760180005364e-2
-0.31481193787685235 -0.3637508743343121 3.7567324633495935e-2
3.1884286718492194e-2 -0.6161416271101073 0.33722402192520473
0.5941186828441749 0.17518484021697223 -0.2794552973422568
-0.3801684460184346 -0.4608297665626565 9.644750553090875e-2
-0.9050617848834416 -1.7435131934682935e-2 -0.6476270267524749
-0.17930639858462605 -0.5781677992927806 0.11180614398076161
-0.3472298114257595 0.17632642514782693 -0.2844131261679274
0.2153600722291814 2.729281805394479e-2 0.348122638554505
-2.3665006866458782e-2 -1.3417875494697862e-2 0.2218232291979504
0.18523874671234275 0.1233595990442432 0.2902729990909123
-0.24504723131836403 9.893805011547707e-2 0.19219593194419016
-0.7109639845724823 3.129546996509469e-3 -0.3969607952594283
-0.6113210414653792 9.731279543672922e-3 -0.6292418491050233
-1.0468616778438578e-2 0.19930584725269862 -0.35109187113119544
-0.17674794348690248 0.35125778505087724 0.2101144315020571
-7.029010258954727e-2 -1.5522084859329377e-2 -0.5207714950045255
-3.209781194152461e-2 -0.5621411937870183 0.20863746021637475
-0.4303819056827115 1.4384089003240619e-2 -0.3001591473639241
0.2755168995093238 0.2019728625069701 -0.24328375270812055
-0.1886935033831052 -0.21582690465278787 -0.33757881096913106
-7.672278012843592e-2 3.421934868509158e-2 0.3795438047181212
0.510125799095044 -8.274520739605806e-2 -7.413973799593096e-2
0.2961943054808105 -3.385870203751118e-2 -0.15116548344627423
-1.4737784970777712e-2 -0.3036253112047651 0.4999508556243394
-0.5705416827193742 -5.209354554060874e-2 -0.5032108923331398
-0.40389713330167154 0.12365165263611899 -0.1615113075118048
-9.134210969232281e-3 -0.3327254850232575 0.18175255980005556
-0.33147696101812474 0.1718694452719145 4.023885374943767e-2
0.11054835886667047 0.2226344275387364 -0.34472662476159255
-0.18801856207322376 4.782098060370332e-2 -0.2301749774185058
-0.260465422655214 -0.15453880087694205 0.15955444746391498
-0.2077111633042945 -0.2934251403545509 -7.619712380545679e-2
0.23667082170004428 -3.3945592481028464e-2 -0.44068167220586374
-0.4316157619573219 -1.2766049205195862e-2 -0.4551832792051046
-0.46967597804829375 0.24622049532026735 -0.22475836220193354
-0.7441821757049782 0.18637929383062724 -0.4352032818470036
9.320637034631596e-3 0.4470837744274728 -1.228459017958115e-2
-0.11929462531225321 0.3974169098678203 0.18886943734139527
0.1526810158869435 0.3942842783181607 0.3711688351779757
-0.10802586534653746 2.0031250267427247e-2 0.1687530004536002
-0.11215472034086615 9.204357136588359e-2 0.45292007529050127
8.7503625918813e-2 -0.5404637384960861 6.012531777611285e-2
-0.489328738779376 2.2049652959430843e-2 -2.4272762547339066e-3
-2.224001089505767e-2 0.1712667392136814 -0.12572944166081246
0.643223328381468 -0.22967870272878999 -0.2139805226076351
-7.439844744817492e-2 0.4261763557828684 0.2881240698096924
0.2206917221045035 0.48494226722653666 0.333048052188486
7.486526914774017e-2 1.1600544994930462e-2 -0.4535593016978621
-2.2570848758745488e-2 0.2569187918219782 0.2590004546309755
-0.3985797171676012 -0.11911102220094272 -0.4136064703879256
-4.678810026598024e-2 -0.30054872648744757 -2.8030982587801234e-2
0.4005151181059784 7.950151430874242e-2 -0.3877391908683083
0.4107140231825567 0.1688921791685286 -9.5391001928394e-2
-0.2228320840542629 -0.5022087077662135 0.30166692360329606
5.239708752579697e-2 0.3195845283774704 -0.20471423223274265
-6.791131086804625e-2 0.32389233225017744 0.41508791668410094
0.43433274763146446 -0.2956627803929701 -0.1372593819927427
-0.1702403830822794 -7.3575625054068e-2 -0.44810932483576155
0.11867383689874189 -0.5546576845869036 0.29228296582392516
0.6140590360070122 0.2472418479821974 -0.24456627078983093
-0.46366274103593663 -0.2540681853366151 -0.24620696220187474
1.6608501580115953e-2 0.20021782600108973 0.47585983199264625
-7.038878804958637e-2 -0.7722187467167376 0.4959714505121085
-0.2134978431940553 -0.4963945281565343 0.12343605995441687
0.20206357034022082 0.24635741770643615 -0.3386305017905087
0.42763425958460566 -0.3161864777012724 -5.9653363860510344e-2
0.2657181813959618 -4.810580900313732e-2 0.12971619060807074
0.7076549390473875 -0.12157053482118563 -0.30349359983438684
0.17010307020257398 -0.3717201681631995 0.26245612155625053
0.349324133214331 -0.29496370931585314 0.17182772515334532
-2.85825218119673e-2 -0.19615814710153123 0.25020914378887316
0.4273801384777892 8.379218068934036e-2 -0.5512526300016524
0.7330873516405035 -8.20435081938864e-3 -0.40252418403119444
0.316490468240305 0.29811472657559 0.13820566405851106
3.553216712662621e-2 4.098182751395463e-2 -0.47662708181771807
0.2662688205680571 -0.4216096588939907 0.26454590844456627
-0.16343672506312112 -0.33821497988082394 5.418274387413846e-2
0.5386848710160794 2.371069531141745e-2 -0.38804621830011204
0.915598231655548 2.5533076938643262e-2 -0.6537532627654736
-0.3194690788304748 6.774281952982308e-2 9.111697125867832e-2
0.448375213188137 -6.845566893038357e-2 -0.4625230870096298
0.49328200555599855 3.29844582562373e-2 -0.5944452377337297
0.32940990543217163 0.14307077331346563 -0.22481264535159748
0.10496434942550548 0.4610289391351374 0.10009717867496987
-7.878065501070397e-3 -0.4807024868386305 0.3385039345386592
0.48521833512487444 -1.0853036401354377e-2 -0.4755228752591805
-0.19246021728851403 -0.28179573321392437 0.41711080210453993
0.34251071209868467 0.3131544515833805 0.1297758449339047
-6.441326584394291e-2 0.41613557781148747 0.49497435988811955
-0.4066199821004104 -7.188031479158319e-2 -0.24335291769391976
2.222502936992976e-2 -0.5907293470705843 0.46595980821822214
1.8267350789678227e-2 -0.40852832935161976 0.5583588066122065
-0.3352369584448237 0.21528131585510557 -0.39359646097409473
-0.14290100680723294 0.17651144138799268 0.4138176497076226
5.246199216082037e-2 -0.3968310918827965 8.739947113057533e-2
-0.2883728950148111 -0.24301884744427438 0.27061886638947386
-0.14616270856791058 0.4821228935726639 0.4728282542486584
0.24320758141752585 0.45257644619681137 0.24733931763952371
0.4340177781004376 -6.110394227545968e-2 -5.914981590671756e-2
-4.986477724005378e-2 -4.5994152154051005e-2 -8.053499718492452e-3
0.6747825666772294 0.10646817385959295 -0.3742534273168283
0.13038870790007295 -4.92848605654852e-2 0.3987454274829778
-2.8446928241708247e-2 -0.45387225301536016 6.376464203431248e-2
-0.13460132524879853 -3.1260515777883136e-2 -0.45294128179865295
8.755647519323684e-2 -0.367460072836547 0.41849355566727997
0.22462038884262325 -0.23988244054488095 0.12259662092278281
0.2747636899338797 -9.26862325244251e-2 0.11865413692466661
-0.6501513778157222 0.21614443187811916 -0.26340466144488917
0.10633776214940371 -0.43894963374343177 0.27205197205156795
-0.5218791324332738 5.597411271219632e-2 -0.1671429791058574
-0.1663471067160982 -0.31931918427666917 7.740218984657882e-2
-0.40165508479571377 3.531934421303384e-2 -0.4082700329861575
0.1792489131971613 0.11912280739537517 0.19893622477289122
8.874507791744513e-2 0.10405377434298824 -0.19301363751128495
-5.3364356501956256e-2 7.301302961833078e-2 0.3140440512118211
0.274700880988472 -0.29475965902994383 -0.16692362580271639
4.858751336250988e-2 -0.3620023770021129 -1.7645213322054154e-2
-0.4086330262355068 2.7430919272521392e-2 -0.19968283604147352
-0.22758099361250883 0.4828354259837284 -6.4469850749388396e-3
-5.6596471447275976e-2 0.21772883670472298 0.16950609571632158
-4.9022629246722405e-2 -9.491259012334607e-3 -0.285329139762158
4.153165617360666e-2 -0.1640295910063473 -0.33384238890961315
-0.42145637931357005 0.12830516741971432 -0.4187508333173789
-3.3630261187195476e-2 0.44530818225857716 0.17983098945121823
-0.33776878176969993 0.3923423359324074 0.1964038288752169
-0.1904681593669031 -0.1207304608672044 -0.1045323299094528
1.2874775660905446e-2 -3.324311331622998e-2 0.29004945081290945
0.5031397979012543 -7.445190769192711e-2 -0.46789188200599485
-0.34475093290644465 0.39271086259732724 8.911381593585896e-2
0.213284799745441 -0.1485974634773426 -0.16238088021922123
-0.11659474314337426 -0.40519828796911583 0.5161005688650252
-0.1037925838600593 -0.4075015978667256 -9.78728211984764e-2
8.460518458255417e-2 -1.789618470914367e-2 -0.37620594175827016
0.3260170238111473 5.7960245112457454e-2 -0.22920587507426826
0.43902713236638313 0.43118173795141435 -4.294944546097585e-2
0.2893224182137598 -6.889876002890694e-2 -7.524259441495146e-2
0.3832771564124573 -3.5741095497905384e-3 -0.11047731031644181
-9.403472506005539e-2 -0.5268294115137532 0.3704305004443096
-0.1570775109105541 0.6908788603432626 0.479890244496959
0.4721229591673284 0.10370120678618866 -0.3094888839816028
-0.6396043553422572 -7.650109697176433e-2 -0.37071299782520106
-0.18715235223838533 8.32039276500458e-2 0.3502599505660058
2.0124625670208007e-2 -0.5213426482942193 0.5936605565632649
-7.011751080147843e-3 0.3203635973302098 0.3383027665099104
0.15461174537005518 0.3270872495346505 -6.240675631079621e-2
7.08734214903195e-3 -0.3859038306817649 0.14544638215468275
-0.3076520787096795 -0.1307149791136044 -1.8718037193955483e-2
0.4074290229213905 -4.405801565003131e-2 -0.5327458436151387
-5.935316220981868e-2 0.13371298359113948 0.5627989845855481
0.16355219154738432 8.800996969291552e-2 0.2101431304896093
0.24844354335561147 0.25554690697031057 9.552877158605107e-2
0.22723300549696812 0.1329268323007956 -0.41834389867507404
0.5046620929181667 6.170033467120839e-2 -0.3871101815272266
0.6137713618481986 -5.514287239872928e-2 -0.26689591389732437
-0.6957946364984924 -0.19356318726569266 -0.318797346141126
0.7631737570226745 -8.731507377813952e-2 -0.38827309977079105
0.4976578691302048 -0.1824965473822996 -0.19338501886123213
0.23491140597474547 -0.18530447639065506 -0.251145746337863
0.31683712559000543 -6.624874254831992e-2 -0.5792844493357041
0.382151640632189 0.194542222783197 -0.13575694167990232
9.763467606521659e-2 -0.7600556812142355 0.5330751330651077
-1.311966741806625e-2 0.33774914812761603 0.5999521928966013
-1.2823039667999248e-2 0.31603525339390226 0.6430495014569213
7.215154637993293e-2 0.1938507644017191 0.33983154441882246
-0.5215988712454191 0.17877979587022752 -0.12438669433246465
-6.427316671939298e-2 -0.2017197834266673 0.4317467184959324
-0.2621939305801224 0.35723898837697354 -0.15151899064058327
-2.547867587791164e-2 0.39117400619022946 0.5693886008109936
0.1671065562734383 0.5575662825934063 0.38692347224935286
0.11072758364961188 0.30343175035054093 0.45598852536458623
-0.3047566107048645 -2.0755530495211838e-2 -6.239915147229569e-2
0.1840552594149304 3.705081851653069e-2 -9.328403247199296e-2
-0.12247478330319506 -0.1795292756095067 -0.1735003239187476
0.36271283388875897 0.1339077686639384 0.1340972723931655
-5.154820633554036e-2 -0.4491398902029824 0.5242233614947985
0.2192289183448468 -0.4119255587381321 -8.57771448929191e-2
6.899454886654954e-2 -2.5247520182994476e-2 -0.37748308054069835
0.781294226165788 3.0053088055892463e-3 -0.6293175996772736
0.2953939367441769 0.20963159648573226 0.17696927091233058
2.3744756652255394e-2 -0.3815090284096151 9.940707213967936e-2
0.3178118313445365 -0.2811552690547735 -0.16479983036887907
0.565265421430627 9.347789889110425e-2 -0.3306141615921281
-0.2866905105665617 0.5725796364143022 0.21430856630247
0.34614412852645704 0.29130383210475497 0.18652639208730215
-8.957593755521709e-2 -0.24147174658951343 0.43474679124076526
0.4419047986593192 0.17534056755423166 -0.2733672005856732
-0.3949929381194841 0.1497790625400075 -0.1461557975944192
0.28582211265021173 -3.8531304665241906e-2 0.2484139912473459
-0.18204380664248532 -0.18426717346570365 -0.3957332532655457
-0.2793565485643952 0.2852966157047496 -0.11215616260641158
0.2800597666467882 -0.27829102301005426 -0.2949217070081518
-0.7307033427795192 -3.8274227385411974e-3 -0.3278932662357077
-0.412619307608313 0.31881000960274386 0.10138873286504303
0.25569765124845734 -0.1562151146072951 0.284776408877956
-0.6392625635143557 -1.5774106654019238e-2 -0.5565432534325945
0.20495530742217827 -0.28357250139767565 1.650389907618066e-2
4.931163049509868e-2 -0.17063309826123185 -6.715012926855368e-2
-0.18345453940408907 0.21207828697349929 -0.36702978141618514
-0.6450789493724735 -0.109860661978891 -0.3373981496310485
0.3095663784558895 -9.363202954584637e-2 -6.185227684399133e-2
0.1335618164145853 -0.4186515034087239 -3.734935932292971e-2
-0.31275493820584155 -0.28141114823333624 0.16249618646995057
0.12576493770055674 -0.5563136104912281 0.4916291852810775
-9.778395705736231e-2 0.27639122498496993 0.4236165175540191
9.56913069674088e-2 0.45478094569506955 0.23060206456426147
0.4276409898170105 -0.34086407277208164 -2.520204725960129e-2
0.34387521386536857 -0.14368437656745459 -0.4737032213239287
-4.659432724298218e-2 1.3660866736429633e-2 -0.6295262026628804
1.7590520595586745e-2 1.226109087443994e-2 -0.3029201600189717
0.24165299386790207 0.30215664875262893 -0.219072906743093
-0.5221046691816044 -8.734643294723943e-2 -0.5423198310640194
1.436333675120638e-3 0.5327582481256234 0.6468349917694178
-1.0371883672211424e-2 -0.38479012151217173 0.41129045129647923
5.097161147863194e-2 0.291212557441051 0.2744271325918667
-0.13745138663585044 -0.6526050242647559 0.28064484196688155
2.7553852492832598e-2 0.1312341828548701 -0.13451488814609336
-0.3281794935555128 5.877168945813971e-2 -0.3571370483603227
0.13431721702141997 5.202619812208864e-2 -0.5880777466156768
-0.3200772813762054 0.4365853858248805 -8.39508458978665e-2
5.945485390998384e-2 0.3219732262799134 0.6018836867388245
-0.22279829353761094 -0.12741960992905565 -0.46926670382384583
0.5231436503785614 -0.16104961856444078 -0.24947062943080406
7.889986925409642e-2 -0.5125106407527732 4.226190261006457e-2
-0.39084455317794287 6.763373841072096e-2 -1.6057905425268804e-3
0.10886605662100102 0.1872858204406055 -0.35844224099531186
0.21432358213935676 -0.4692218471929608 -1.1624415657351561e-2
2.3405014432750226e-3 -0.7221432171722587 0.583686281442076
8.065730723987419e-3 0.7662622313632576 0.6352718124900034
0.2629788943450515 -0.4020922875147652 0.25867177406424524
-0.3108703058720733 -3.318935920748445e-2 -7.156430351791346e-2
-0.24758218258422882 0.13339992347639407 -0.38837909381781394
0.1581296648957723 0.767273827737531 0.4399470057884289
5.935063892581027e-3 -0.17685159762903924 1.7223066261158188e-2
-7.682865812689943e-2 -0.4139532054872631 -0.10990576732569857
6.216356379005672e-2 -0.13225148476440662 -0.10980912344608912
0.3972732005849171 0.27190665218276133 -1.0593696038134481e-2
3.195476196624625e-2 -0.23598530791194017 0.28629233013324473
0.23502243302502035 -0.1496038542721827 0.10260881000287836
-5.352856411475382e-2 -0.1601077331555436 -0.1306340069046594
0.2897296092293564 0.22382958063110214 0.24918539337544302
5.143255159920501e-2 0.5343382008777037 0.42450459746566527
0.23084685382567427 -0.36516734552714225 0.2308855984702067
-0.5750704656827195 0.3457774179199071 -0.21216626095818977
-0.21957130295017946 0.5102117930713767 0.12859121373341142
8.63857181259784e-2 0.21460941803223244 0.1285268651865944
-0.1606689964145379 -0.3982772353400491 0.26720307970758705
-0.1315510913959057 -0.13838510598019904 9.118036660787068e-2
-0.4360025784572997 9.909712896132628e-3 8.129894112044789e-2
6.367177035682925e-2 7.139703066528269e-2 0.4672678620831404
0.5126141562316524 0.17673894927496314 -0.2351412035939167
-1.4859617898683952e-2 -0.23954644201274422 0.20203023990513602
0.1561551915049334 0.6891053014289336 0.4492933646312142
-0.17490045303006996 -0.15145133990734672 -0.14691623310926238
-0.6767938721757724 -8.787406375443563e-2 -0.4639421980372256
-0.22176024724912535 0.37170796377497894 0.18359129923332373
-8.696839566594361e-2 -0.38691676496491045 0.2850408791650557
0.18017342314954887 0.421186479198298 0.20947809928904093
-0.6360998987950904 2.1222707573179123e-2 -0.335564336897279
0.3590000126436701 -5.626241094965678e-3 0.11902511067910171
0.2892147305884911 -0.5185229499253072 0.176324789805199
0.22326278270643873 -0.2909287628534768 -0.11748530248510103
-0.6324296201077982 1.1964750376026845e-2 -0.6898543041997656
0.7970964009932364 -8.456257026758784e-3 -0.42796025463775267
-0.1398591158041823 0.49666290266373914 0.19083508838399033
-9.486706168690895e-2 0.47966115923516184 0.5725811699661296
0.28073342227378917 -0.13143626219185478 -0.12542740127321197
